3988
66 41
300 6070
300 3650
300 5170
264 1
300 7130
43 11
38 21
97 41
77 51
99 81
225 1
39 155
219 61
36 31
252 61
164 11
108 11
258 71
300 5690
21 31
154 61
300 130
75 71
300 570
191 21
250 91
300 2410
300 4120
23 11
300 170
300 5260
251 91
175 1
300 3370
300 740
291 81
270 61
300 1370
79 11
28 71
300 1860
153 61
83 81
300 700
50 61
137 81
300 1680
271 11
179 21
300 6090
92 1
300 7900
34 71
158 1
213 91
119 1
300 7660
300 4610
300 4250
206 1
127 91
101 71
171 51
243 51
91 845
264 11
226 51
283 11
300 290
300 3670
160 61
300 7190
121 21
152 21
300 6600
300 8990
300 1470
212 21
109 41
266 7220
126 21
300 4080
61 61
23 41
277 91
76 91
300 4370
241 91
300 3900
169 71
124 51
300 3550
300 8950
107 51
71 81
300 3940
39 81
211 31
279 71
300 5930
193 71
152 61
245 41
267 41
291 61
66 81
300 5660
236 31
263 71
251 51
300 8480
23 31
300 4980
300 1620
78 1
231 1
221 31
53 31
300 4750
105 21
236 11
300 5080
156 2483
99 1
112 31
59 31
300 1
173 3053
300 2810
283 61
62 41
256 41
117 31
77 11
235 51
179 41
300 2970
45 91
81 21
275 11
129 81
59 1
300 4130
147 21
167 21
173 1
141 71
300 370
175 3125
66 11
79 81
180 3306
244 21
300 4650
219 21
190 21
102 61
121 61
61 81
300 5900
151 21
91 51
300 1770
94 901
188 71
300 8920
293 11
186 51
300 9100
89 21
300 4800
191 71
85 41
300 3460
43 91
111 71
228 21
300 2980
82 71
90 1
102 51
71 31
259 11
88 71
162 51
33 71
277 7829
147 51
34 31
300 3440
282 8114
71 61
300 2930
121 1
11 1
168 2880
300 2380
29 41
300 91
300 9120
242 41
173 81
282 51
300 6430
300 4840
51 265
134 71
257 11
300 8680
66 444
74 91
300 8360
199 91
233 51
51 71
49 91
300 4110
300 1060
123 61
132 81
300 6860
300 7320
197 81
37 139
224 11
300 3680
18 1
209 11
54 81
28 31
155 11
300 4230
252 51
73 21
70 81
242 11
254 6583
118 1
118 21
300 4770
144 81
44 91
300 2670
207 81
280 51
41 31
228 51
198 81
161 51
95 1
300 5110
300 8490
168 91
212 91
208 91
300 8800
178 11
238 71
186 3530
300 2420
282 1
300 6130
227 71
72 61
300 4900
100 91
300 3200
44 41
141 2028
300 3170
84 51
250 81
186 21
300 3450
57 81
52 81
300 4400
42 71
106 11
300 1670
300 8230
74 31
84 720
139 11
65 91
236 41
217 41
266 41
167 31
298 91
300 4260
16 1
31 81
58 31
270 21
210 71
273 11
55 61
271 81
54 71
167 11
300 7380
185 51
63 51
244 1
300 9060
254 61
181 11
300 7070
133 81
139 41
255 91
134 1
286 21
63 1
142 81
150 51
300 8620
300 7010
300 8190
170 31
229 5351
80 91
143 21
146 1
110 31
42 21
202 21
247 41
143 11
196 1
211 91
98 81
116 31
300 3130
151 61
300 31
36 81
79 91
57 71
300 930
286 41
202 41
203 21
199 11
33 81
248 6275
248 61
208 4414
115 71
300 3060
300 7710
49 81
300 3810
254 51
114 21
109 31
300 6240
300 2560
186 11
184 61
19 21
13 1
162 81
281 31
300 7730
74 71
198 21
14 1
49 11
46 61
156 51
25 61
158 41
300 250
129 31
246 6175
300 8850
217 11
132 61
158 21
40 41
300 8430
235 81
123 51
299 91
300 4870
37 21
135 71
110 91
224 91
143 1
79 51
128 91
285 51
136 61
300 4270
300 4550
81 669
200 41
159 61
300 1290
15 1
33 11
126 61
290 21
176 21
121 81
90 71
210 21
300 6630
129 61
221 81
259 61
50 51
126 41
44 21
300 3590
92 71
249 71
238 91
56 51
161 21
190 51
255 51
245 51
300 1910
300 3970
283 91
76 589
295 1
49 41
295 71
109 21
296 1
27 61
167 41
189 41
262 1
55 31
72 528
198 51
123 91
300 7160
207 51
273 41
218 81
73 61
300 7920
106 81
94 81
254 41
247 81
257 21
182 3380
203 11
300 4570
300 760
41 71
300 5140
44 31
85 61
117 51
158 61
166 61
300 1540
300 6830
255 6635
300 980
215 41
216 71
97 1
300 3600
37 1
143 2086
94 11
143 71
118 31
58 61
202 61
264 21
162 61
300 7340
204 11
266 1
145 2145
258 41
123 21
219 71
104 1103
141 11
300 7040
300 7140
161 2645
300 8700
268 61
32 31
300 4170
300 2170
142 41
300 3340
187 61
300 5670
199 21
272 21
300 350
104 41
171 61
213 41
159 21
151 11
206 51
202 11
292 81
300 1980
300 5340
300 2770
58 343
258 31
36 71
177 51
278 81
300 4640
131 1751
145 41
114 71
69 91
281 21
142 2057
157 71
48 235
231 61
265 41
105 1
237 51
192 3761
84 31
300 3780
102 91
53 81
116 1373
90 81
194 31
135 1859
300 5040
187 51
165 31
22 1
167 91
300 8400
209 81
77 81
179 71
300 6420
178 81
212 81
251 71
27 71
92 863
252 6480
36 21
135 91
285 61
283 71
111 31
136 1
270 71
251 61
300 1450
274 41
155 1
126 71
209 4457
273 21
104 71
243 41
142 31
300 4330
114 11
53 286
169 11
29 51
189 91
300 730
300 640
68 1
201 71
70 21
300 4460
190 41
90 11
175 61
300 3740
161 31
128 51
300 8740
98 1
139 51
297 31
300 6990
101 21
275 51
299 51
275 91
35 41
300 8380
213 61
250 21
66 61
127 71
185 11
291 11
260 21
55 91
206 41
8 1
211 71
78 21
249 11
287 61
28 51
233 41
168 71
282 31
298 11
47 81
119 1445
88 790
300 8600
98 980
150 81
172 91
86 71
148 81
149 71
149 81
80 11
197 61
174 3089
240 5877
59 355
160 21
86 21
225 51
81 11
131 11
300 8050
297 1
152 71
252 1
300 4910
113 41
85 1
300 1220
300 8880
276 81
93 21
300 3300
156 61
124 61
300 6800
300 1350
266 61
290 1
178 3233
195 61
52 1
300 650
206 91
99 61
185 21
30 51
190 31
281 81
226 91
157 61
42 180
300 1530
59 91
22 11
127 41
273 91
300 2440
92 31
271 91
130 51
300 440
218 1
240 71
103 21
232 21
241 51
201 41
300 660
154 2420
81 41
232 61
222 11
184 1
198 1
170 2948
300 4030
103 1082
300 2580
101 81
300 8550
297 71
235 1
300 3660
161 91
78 71
59 41
226 1
83 71
245 21
281 71
180 81
200 1
159 11
77 71
130 91
169 91
192 41
26 21
155 91
299 1234
219 11
300 5000
213 31
25 51
174 71
115 61
179 81
147 61
136 81
286 8346
92 91
98 51
300 1300
47 61
275 71
112 1
53 71
300 6350
171 21
225 41
210 81
300 1740
95 920
176 1
137 71
300 3640
280 71
300 1560
34 21
257 71
108 1190
231 41
194 3840
300 7290
22 21
266 11
201 31
50 21
300 5360
24 31
71 51
96 91
29 21
130 41
300 100
167 81
249 41
42 31
300 9080
300 420
200 11
39 91
107 21
246 91
115 41
300 5760
170 71
37 61
300 1140
155 21
300 8610
182 81
300 8440
119 61
69 21
300 920
300 750
300 3310
62 91
300 2750
261 51
191 41
147 1
227 41
29 81
57 41
300 4490
248 71
264 41
300 1100
56 61
31 21
267 21
110 1234
146 31
300 2800
300 300
226 21
197 11
285 81
207 41
67 71
300 5230
196 91
184 21
221 21
266 91
84 61
116 21
61 31
255 21
152 31
43 188
168 21
205 4288
300 5980
300 2340
300 1250
67 51
32 91
181 1
151 71
263 1
60 21
300 280
295 21
300 8280
300 3430
242 61
96 51
187 91
134 81
30 21
32 11
300 6950
265 51
133 1805
111 91
199 61
300 8870
124 71
105 81
95 41
146 51
300 6170
229 11
278 31
292 31
300 6080
83 51
170 1
300 230
215 61
300 3790
155 61
294 41
135 81
187 71
300 4240
129 71
104 61
55 81
36 132
300 1650
300 1720
300 8040
287 41
61 51
269 51
104 1
300 1170
300 450
229 61
70 41
41 81
300 140
176 71
300 4050
300 1390
132 1
262 51
195 31
148 61
300 4660
222 5028
129 1698
231 81
39 31
220 51
282 91
237 61
162 41
66 31
300 8980
108 41
191 81
237 31
190 1
300 4940
170 11
61 21
291 41
80 51
282 41
300 2200
300 4970
151 1
300 620
198 91
28 41
109 51
148 91
134 61
287 11
291 1
75 11
238 51
167 1
137 31
234 5587
300 8630
172 41
46 41
300 8580
300 7820
209 1
37 71
300 4960
300 8250
292 71
32 71
300 3840
174 91
53 61
275 81
67 21
300 6410
248 21
241 31
158 51
300 6160
204 91
300 8830
26 11
262 61
94 31
140 71
300 1200
299 61
118 11
106 61
68 41
300 11
300 8000
74 61
300 8310
151 31
300 3240
300 6040
163 31
179 11
300 4500
62 1
300 2240
112 41
144 61
117 71
252 81
192 51
186 41
103 11
188 51
300 8080
149 61
151 51
42 1
300 2940
65 431
259 6845
300 2990
18 31
300 8940
12 1
126 11
300 2460
270 11
176 51
228 41
9 1
244 6075
300 1810
184 71
136 71
124 1
117 1
205 41
65 21
181 61
193 91
183 41
41 171
118 51
205 91
40 21
71 514
32 21
106 41
300 4730
215 1
300 2830
46 21
197 3960
265 11
300 5070
192 61
216 21
75 31
300 3290
133 61
300 4520
246 51
282 61
136 11
263 11
71 21
123 71
42 41
221 91
128 1
300 6970
216 11
30 61
107 91
96 71
129 1
271 71
166 31
230 11
286 81
135 21
187 3568
71 1
300 4510
300 6110
300 9110
300 2470
85 21
93 61
169 81
243 31
16 11
265 91
300 6480
47 225
271 41
300 6820
274 21
256 71
300 1030
233 81
89 61
220 1
273 7605
201 81
34 81
296 11
234 91
300 6060
184 51
187 41
82 1
262 31
300 6880
300 800
109 11
225 71
300 8760
240 21
233 5539
224 51
20 1
122 11
60 61
300 7590
300 7960
239 5828
237 71
300 8470
256 91
178 51
173 71
67 41
140 1
288 1
120 41
90 31
254 11
278 21
272 41
165 81
290 91
300 6380
300 1950
30 81
244 91
156 91
148 2235
300 5480
225 91
174 11
261 11
96 940
228 81
262 71
210 31
141 1
112 51
300 3260
71 11
177 61
121 1493
20 31
52 41
72 41
300 1580
255 71
28 11
173 91
248 91
275 21
300 1890
10 1
239 21
270 7438
272 61
300 610
38 31
184 91
193 51
256 6687
300 7430
247 1
54 11
245 91
86 91
207 11
194 41
300 6870
92 11
25 11
284 61
71 41
136 21
270 91
95 11
289 41
289 1
293 61
300 4850
300 3750
56 320
300 2310
138 1
300 1080
224 5120
54 1
212 31
125 51
127 1645
300 430
300 6900
300 2260
300 5020
89 808
30 1
193 31
180 11
145 1
251 1
300 2350
167 2845
155 81
294 11
207 71
253 81
78 81
131 61
277 1
280 41
46 81
97 71
300 4880
300 1110
100 51
109 71
157 21
87 21
290 31
138 21
148 31
300 8730
174 41
300 7170
300 2160
192 11
284 81
300 1880
277 61
292 51
300 4950
300 4070
166 91
300 5730
57 1
260 6897
211 51
300 390
134 21
129 41
222 21
300 8210
147 2205
76 31
103 61
119 31
300 7230
200 81
300 8270
300 2500
300 4140
132 1777
260 91
24 41
80 41
214 51
300 8650
121 51
220 81
300 5440
300 1660
140 11
271 7493
76 21
300 3490
267 91
185 3492
128 61
300 2760
293 71
102 1061
299 81
300 8790
148 1
93 882
174 21
125 71
300 3010
222 71
67 1
89 11
300 7110
114 61
300 6230
281 51
291 71
210 1
300 7640
140 2000
235 31
278 91
300 6010
41 1
83 1
82 61
81 91
124 81
300 5490
93 71
104 11
107 11
96 21
300 2360
175 81
228 91
300 7780
300 5810
182 31
215 4716
81 71
130 71
300 860
36 1
232 91
21 1
68 11
94 51
74 11
289 81
76 1
255 11
152 81
78 91
191 61
27 41
194 1
78 11
281 8057
138 61
62 31
213 71
300 7610
117 21
261 71
298 9061
156 11
213 51
205 31
157 11
279 11
200 91
300 5570
294 1
227 61
101 41
81 61
300 4200
277 31
94 41
231 51
281 91
300 8660
137 51
300 3140
289 91
267 51
241 1
52 11
300 3690
211 4542
300 7980
189 21
202 91
181 81
194 91
116 81
300 120
285 91
268 91
62 71
300 1230
75 41
18 21
300 5430
300 5090
300 7330
265 7165
211 11
76 41
102 21
83 21
300 5580
88 61
160 11
122 51
300 890
56 21
300 4930
96 61
227 11
192 91
298 1
300 7280
68 21
300 2300
300 8820
251 6428
76 71
185 91
35 81
103 81
300 7360
150 21
274 81
200 4081
230 31
234 81
176 41
285 71
249 61
141 91
223 31
300 6520
289 8522
259 41
236 81
300 5820
61 91
56 11
92 61
61 379
55 308
300 3770
191 1
243 21
79 61
292 21
300 7620
300 4310
193 21
138 11
96 41
80 81
137 11
225 61
300 360
72 21
100 81
177 11
212 71
115 21
45 61
83 61
300 4220
44 81
83 31
300 7180
124 31
59 11
260 81
300 4180
152 2357
300 970
147 81
77 31
300 7440
67 91
269 31
246 61
46 91
154 51
247 11
229 91
203 81
48 81
99 31
300 560
55 21
164 61
289 61
51 31
200 61
45 1
76 11
279 1
93 31
300 2110
290 41
216 4760
249 21
79 21
109 1
80 21
158 81
95 51
150 41
216 91
203 41
230 5397
34 41
183 31
300 2730
35 31
253 31
207 21
102 1
300 1410
300 4830
39 11
224 21
28 21
157 51
131 21
177 21
300 8970
208 41
235 5635
170 81
209 71
160 71
240 81
284 31
206 81
60 51
300 8960
295 81
52 275
154 21
288 11
114 1
152 91
137 1915
156 21
287 51
300 2610
101 51
300 3040
178 21
300 7700
206 11
288 61
248 1
300 6930
218 4849
56 91
200 21
63 61
98 11
106 21
300 6910
176 61
29 1
108 91
51 81
82 31
124 1568
257 41
178 91
300 1150
300 7240
130 31
236 71
65 11
300 1420
106 51
300 670
42 11
188 3606
91 11
100 31
294 51
189 51
300 9030
292 1
300 1040
193 1
57 91
294 8820
300 2690
30 31
283 1
300 240
51 41
300 5790
121 91
300 8330
113 61
270 1
36 91
300 5800
153 2388
90 21
300 6690
76 61
300 7420
300 2020
300 4360
300 4630
300 9070
181 51
4 1
300 5130
300 8160
90 826
43 21
213 81
300 1600
246 21
300 5280
221 61
300 2390
272 11
61 1
300 8900
279 61
59 71
273 71
300 7550
105 61
300 7990
300 7720
111 41
239 91
300 6560
140 41
300 7790
300 8090
25 1
89 71
300 6730
295 11
300 71
300 7560
87 81
202 71
295 31
300 6030
300 7370
111 1257
300 5560
200 51
300 7020
221 51
288 31
300 1130
48 1
55 11
239 81
65 61
250 31
116 11
146 41
243 71
87 91
246 81
48 11
270 51
141 31
31 71
43 1
44 197
235 21
176 91
144 71
113 81
99 91
178 31
40 163
300 8170
222 31
179 3269
166 11
87 31
300 870
113 31
253 21
144 1
229 31
300 150
277 51
159 91
288 51
284 91
164 2744
69 31
86 81
251 11
57 11
300 6200
197 71
38 147
87 41
46 215
69 51
121 71
300 2270
300 8320
131 81
87 772
300 3540
108 31
144 2115
251 21
300 6320
300 4380
270 81
292 91
116 41
166 21
300 6190
300 8340
295 41
284 21
239 61
205 21
68 471
144 31
300 9130
222 51
212 11
115 11
42 91
94 1
32 51
210 91
111 21
222 1
26 61
70 61
250 41
204 21
242 71
295 51
237 5731
165 61
187 1
51 11
72 91
223 1
216 41
148 71
188 41
267 1
300 7670
300 320
300 2250
290 51
270 41
15 21
202 1
300 3700
299 11
48 21
300 7580
296 31
218 31
18 11
190 71
182 11
64 61
300 9050
120 91
143 31
35 125
300 4820
27 51
300 9180
142 91
124 91
55 1
143 81
300 3120
240 31
116 51
183 51
300 3030
128 41
124 41
196 3920
87 51
152 1
60 81
300 4670
73 543
125 1
163 41
254 1
81 81
154 81
300 3800
300 7860
254 91
120 21
271 31
91 61
98 61
294 91
49 21
24 11
198 71
145 11
142 21
300 7210
256 31
276 11
188 61
236 21
206 4330
239 11
74 558
70 11
83 702
108 71
188 91
100 61
82 21
297 11
136 51
229 81
300 1700
300 8100
161 61
133 91
280 8000
106 1146
300 7350
300 6370
138 41
300 4990
285 11
300 3760
139 1
300 3510
300 1610
237 21
286 71
300 2040
174 31
300 3920
300 8770
300 3250
118 91
264 91
274 91
99 51
33 1
228 61
177 91
154 71
93 1
49 1
38 61
254 21
163 1
245 71
103 41
97 81
300 1920
41 51
279 81
128 21
250 71
194 11
195 11
300 3630
158 31
214 41
150 71
300 470
191 31
150 61
214 21
44 61
77 91
300 5680
175 41
271 51
175 71
300 2530
176 3160
110 11
242 31
66 1
242 91
181 91
67 31
138 1943
300 5460
300 7880
250 61
300 5700
36 11
300 1430
300 5510
132 41
289 31
279 31
300 8640
228 31
298 81
300 310
90 61
46 31
300 2520
274 71
74 1
133 51
300 770
140 21
50 1
300 7490
103 51
139 81
107 71
124 11
296 81
300 8590
300 5390
296 91
58 21
37 91
245 11
168 41
155 51
300 220
62 51
213 21
207 1
36 61
140 81
276 61
276 31
182 1
300 8840
214 31
154 31
300 500
193 3800
238 41
300 6610
104 31
112 11
203 1
300 820
130 11
300 490
300 4040
259 91
191 3722
134 31
62 61
173 11
146 61
229 71
300 5750
38 71
166 81
242 81
300 6760
86 1
84 81
253 41
300 1960
283 81
300 7770
35 21
180 51
203 91
204 61
97 960
82 41
249 1
188 1
88 41
300 8130
281 11
31 51
114 41
107 1
300 4160
214 61
300 1010
275 7716
165 21
300 7690
300 380
241 21
300 2600
72 31
283 31
297 61
197 21
117 91
52 31
86 31
269 1
116 1
127 31
300 2220
125 61
253 1
222 81
300 2630
227 1
11 11
252 11
224 61
300 5350
300 4580
300 5860
225 11
240 41
232 41
156 41
300 940
147 71
223 61
171 2983
300 5300
208 71
300 2510
300 6120
225 31
33 111
286 1
158 91
179 1
7 1
32 61
300 4150
300 2780
300 3860
300 5720
269 91
300 6250
40 71
300 5970
81 51
120 71
300 5520
69 485
300 2650
181 3342
267 81
238 5780
300 4410
172 1
131 71
245 81
118 81
245 1
300 6440
133 71
135 41
165 41
149 41
300 3230
256 21
201 21
300 210
243 1
300 5120
133 31
99 1000
117 41
120 81
145 81
38 51
300 9183
214 91
135 1
268 11
144 41
300 690
268 41
256 11
273 1
299 31
167 71
109 61
246 31
150 91
31 11
25 31
286 61
300 4540
106 71
211 1
168 11
142 71
136 31
131 91
166 51
48 71
64 1
300 8390
185 61
92 81
195 41
276 71
300 3830
290 81
260 61
255 31
155 41
242 21
226 5211
194 61
199 81
132 71
300 7630
300 1400
232 71
78 41
111 61
216 51
140 61
198 31
204 4246
237 1
114 31
237 91
300 4480
209 51
300 3710
184 31
296 51
300 3980
232 5492
300 1630
69 11
56 41
137 61
272 31
172 21
284 11
39 71
142 51
30 11
274 31
60 11
284 41
95 61
300 6450
284 8230
225 5165
208 61
121 11
300 710
45 51
236 1
300 6100
257 51
297 41
53 1
197 91
300 6940
300 2640
278 51
300 1000
268 51
238 1
68 71
175 21
278 61
151 91
300 2150
125 91
172 31
241 41
287 21
36 51
97 91
89 1
181 21
300 8890
300 4560
141 41
138 31
182 51
171 71
233 31
300 8060
294 21
300 7410
300 4210
105 91
122 61
21 21
138 71
224 71
161 41
298 51
89 31
300 5920
300 4000
269 81
286 91
122 1518
108 81
104 91
106 91
54 51
300 4020
163 51
199 71
300 2540
247 21
158 11
218 51
129 91
300 8560
238 11
300 2370
14 11
300 2720
129 51
276 41
242 5975
300 4700
300 81
277 81
217 81
87 71
47 51
288 71
236 61
300 7220
223 5074
290 61
300 790
241 61
43 31
27 1
93 11
178 41
168 81
264 71
39 1
263 51
128 81
107 1168
300 2880
300 1940
208 11
220 71
299 71
260 31
300 840
188 21
207 61
82 91
283 8172
54 31
174 51
189 61
169 21
300 1160
205 71
297 51
203 71
241 81
300 2960
13 11
300 900
139 61
177 41
50 81
30 71
300 5050
66 91
152 11
178 71
300 4190
201 11
243 61
225 81
208 31
300 5030
65 51
300 6490
300 1970
269 7383
261 61
100 11
264 51
227 21
233 11
300 5450
26 1
186 31
212 4586
259 31
144 21
183 21
223 21
175 91
300 6540
164 71
171 91
153 21
32 1
252 21
63 31
300 1500
127 61
38 81
300 7250
136 91
232 31
300 8140
247 31
300 8010
142 61
300 5650
300 5620
120 31
148 51
173 41
105 71
100 1
122 1
133 41
235 11
300 5710
195 91
24 1
84 91
73 11
260 11
300 5640
275 1
37 51
119 41
209 91
58 81
241 71
194 71
120 11
197 1
300 630
286 11
150 2295
60 1
37 41
125 1594
82 686
143 61
126 31
82 51
126 51
199 51
64 41
215 71
300 5770
230 41
300 200
189 3645
20 21
134 11
180 31
93 51
90 51
22 41
209 31
294 71
49 245
291 8640
283 21
228 11
219 1
300 5600
300 8180
300 5950
300 8860
35 1
98 41
279 51
34 51
267 11
97 31
300 4320
221 11
203 4205
291 31
300 8300
229 21
300 3100
194 21
300 6550
300 580
188 31
90 41
300 7060
155 71
161 1
114 81
300 1590
50 41
159 2579
183 81
110 1
230 81
300 6210
300 4860
300 2450
196 41
278 41
285 41
285 21
182 21
300 5470
102 31
300 5780
47 71
171 1
204 71
152 41
138 81
300 4710
262 41
226 61
267 61
55 71
183 91
85 31
47 41
215 21
296 8940
298 41
151 2326
266 31
183 61
285 8288
94 71
285 1
42 61
190 11
300 1380
123 41
42 81
300 2100
166 2811
300 7260
179 51
244 51
179 31
62 81
300 2330
278 7886
64 21
125 21
300 5010
257 91
123 31
220 4938
210 4500
105 41
249 31
101 1
300 6660
145 71
154 11
221 41
300 2140
137 41
300 8530
300 5290
68 61
300 8020
300 5380
97 21
176 81
260 71
119 91
145 21
111 1
31 61
53 91
98 490
300 2070
255 61
218 91
83 41
300 6790
209 61
300 2480
300 3400
196 11
223 51
85 737
175 31
300 5100
300 3880
91 21
26 51
257 1
283 41
52 21
300 600
125 31
149 2265
300 7850
300 7030
192 31
64 11
151 81
252 41
265 61
75 81
300 5880
300 520
91 71
300 2400
157 31
300 4680
215 81
300 7650
185 81
120 51
282 21
300 61
150 11
262 21
67 458
300 3150
300 590
88 81
160 31
230 51
154 91
198 11
194 51
292 61
48 51
58 1
239 51
300 8780
300 9170
189 1
182 91
268 71
300 6720
295 8880
300 1180
98 21
133 21
144 51
70 1
70 91
177 1
234 11
71 71
250 6377
300 5500
118 41
153 71
122 41
277 41
300 180
84 71
224 1
291 21
300 7500
300 1270
300 7090
137 21
300 8200
205 1
300 3950
202 51
300 3050
170 51
75 61
274 51
160 81
294 61
57 31
41 21
205 11
265 31
300 6310
60 367
80 61
233 91
272 81
231 71
220 91
33 41
300 8350
167 61
87 11
45 81
92 51
85 71
218 11
300 1090
108 51
300 720
268 31
300 8710
50 255
136 1887
71 91
159 41
163 2711
72 81
157 41
300 3270
73 51
208 1
163 11
109 1212
300 6460
164 1
104 21
269 21
59 61
212 51
183 1
115 91
265 81
60 91
300 8510
237 11
195 21
47 31
63 41
171 81
54 61
276 7773
164 21
171 31
94 91
73 41
113 1
104 51
252 71
300 7830
259 51
147 41
239 1
40 31
238 21
271 1
130 61
244 31
300 2080
95 81
300 7600
300 4890
293 8760
300 2570
86 41
91 81
196 81
113 51
289 51
180 71
204 31
224 41
300 2010
300 7050
280 81
54 21
300 4590
100 41
300 5850
300 270
300 1690
239 71
300 8500
266 51
300 330
300 6570
202 31
102 11
230 71
242 1
222 41
82 81
271 21
300 8910
300 3180
300 4350
300 6280
251 81
298 61
116 71
264 31
127 21
199 41
106 1
227 51
44 51
148 11
300 8460
56 81
300 3420
105 51
115 51
77 61
17 21
299 41
19 31
193 41
112 91
189 71
164 31
51 51
264 81
219 51
219 4893
223 91
246 41
234 61
153 11
41 91
160 91
77 41
149 11
250 11
60 71
300 7300
239 41
220 11
66 71
41 11
300 8070
91 1
300 880
217 4805
109 91
44 71
29 31
56 31
74 21
139 91
276 1
274 1
111 51
240 51
169 2914
201 91
68 31
300 5310
288 8463
262 81
210 41
180 91
86 61
118 71
33 91
294 81
300 3020
149 21
33 31
20 11
250 51
166 1
32 104
239 31
181 71
59 21
69 71
240 1
89 51
282 11
258 6792
79 1
213 4629
183 71
300 810
220 31
119 81
115 31
184 41
289 71
300 3730
116 61
300 1490
126 1
130 81
218 71
300 1210
15 11
168 31
254 31
196 51
256 61
217 31
64 71
214 11
300 2060
248 31
79 71
241 5926
256 51
300 1280
295 61
149 31
144 91
300 6400
134 41
146 91
280 1
216 81
235 41
231 91
300 7940
43 71
300 1120
70 51
300 530
159 71
127 11
228 71
208 21
300 2820
88 11
51 61
300 2680
221 1
208 51
229 51
218 41
273 61
300 2290
300 1020
186 91
197 31
139 71
44 1
79 31
142 11
149 91
300 2860
300 2490
21 41
197 41
255 81
107 81
300 1790
300 6330
231 31
247 51
138 91
300 6500
69 81
153 91
139 1971
141 21
153 51
70 31
300 7680
227 5258
296 71
300 5400
62 21
54 91
195 1
112 81
156 81
300 7740
97 11
163 81
81 1
300 6140
19 1
219 91
61 71
180 1
62 392
222 61
240 11
253 91
66 21
300 1570
244 61
300 4790
52 61
212 61
270 31
300 6670
140 31
218 21
169 61
300 5060
300 7750
205 81
120 1
154 1
300 21
173 21
88 91
300 3390
300 1330
74 51
53 41
172 11
46 71
300 7150
53 21
186 1
258 1
300 7310
210 61
278 71
287 91
64 31
99 11
209 21
297 21
197 51
300 3380
300 5540
75 21
216 61
26 31
300 7120
280 31
300 1990
42 51
300 5180
300 6850
300 6360
279 21
185 41
263 31
200 31
300 8670
104 81
65 71
45 11
300 6810
199 1
40 91
33 61
300 41
131 51
129 21
146 2175
145 31
106 31
161 81
127 81
165 2778
300 2550
300 8420
177 31
292 8700
165 71
300 4300
282 81
110 41
147 91
153 1
259 1
236 51
43 81
85 11
300 7450
300 3110
284 51
300 2840
78 61
300 3910
267 31
300 9090
300 6960
300 7840
280 11
50 31
300 3890
300 1870
53 51
278 11
130 1
233 21
189 31
300 1240
30 41
182 71
295 91
300 3320
300 3090
276 21
169 31
300 550
253 6531
155 2451
44 11
176 31
141 51
160 51
300 6260
40 1
300 8260
32 41
300 7510
143 51
58 41
300 4290
300 5940
162 71
217 1
118 61
157 81
38 41
267 71
300 2920
300 780
233 1
64 417
129 11
51 91
300 6890
300 7460
73 1
247 6225
122 21
300 1900
160 1
96 31
206 71
179 61
258 81
226 11
170 61
268 21
300 5330
113 21
170 41
227 81
79 636
249 51
172 61
127 51
300 1850
45 21
233 71
153 41
300 6530
217 91
300 3220
77 21
133 11
268 1
223 11
126 81
276 51
249 91
107 31
73 81
124 21
43 41
198 41
237 41
300 1550
114 51
300 950
204 1
72 11
277 21
293 51
24 51
247 91
95 21
65 31
251 41
238 61
246 71
300 6840
300 5220
211 81
300 9020
112 71
299 21
92 21
217 21
150 1
119 11
96 11
105 11
243 11
300 4060
215 31
300 9040
141 61
300 2870
204 51
33 21
300 3930
274 7660
300 8150
131 1
101 11
130 1724
166 71
272 7549
48 41
300 7000
25 21
146 11
210 11
255 1
127 1
168 1
35 61
274 11
149 1
46 1
176 11
167 51
171 11
269 71
30 91
93 81
36 41
223 41
285 31
300 340
95 31
232 51
162 31
258 61
54 297
110 81
300 7930
152 51
300 1800
230 61
110 51
108 21
196 31
102 81
300 7950
221 71
300 1320
40 11
27 21
196 21
226 41
300 190
269 11
84 41
202 81
122 81
159 31
132 51
221 4983
300 2900
93 91
243 6025
76 81
138 51
75 91
119 71
214 71
253 11
112 61
179 91
119 21
78 620
28 1
300 6750
300 8030
297 91
219 41
300 7520
139 21
262 11
185 1
258 51
293 1
300 1440
144 11
119 51
226 31
63 405
77 605
34 117
88 1
300 2710
300 2790
103 31
220 21
300 4760
135 31
187 11
98 91
300 5150
262 7004
215 91
172 71
190 61
300 7530
300 1340
12 11
258 21
242 51
43 61
114 1326
78 31
145 91
112 21
300 5740
300 3280
232 11
291 91
172 3018
206 21
241 11
160 2612
300 2950
300 6590
100 21
275 31
250 1
112 1280
300 910
170 21
169 1
219 31
300 5870
189 11
190 81
258 11
157 1
300 6390
300 4090
184 3454
300 4780
58 71
131 31
227 31
278 1
300 400
125 11
33 51
293 81
300 4010
147 31
193 11
110 71
260 51
85 81
56 71
243 81
165 11
300 5910
47 21
300 830
300 410
72 1
300 6620
190 91
163 21
213 11
203 61
300 5410
300 2210
223 81
177 81
235 71
156 1
234 51
157 91
233 61
184 11
264 7111
50 91
168 61
300 1930
273 51
49 51
113 91
57 51
263 81
63 91
300 3470
143 41
109 81
300 7470
212 41
300 3530
217 51
289 21
63 21
215 51
135 51
282 71
203 51
279 7942
73 91
178 61
145 51
163 61
84 21
243 91
122 71
153 31
240 61
117 81
232 81
256 1
300 7390
223 71
159 81
293 21
110 61
300 4530
300 3350
88 21
78 51
288 81
59 81
300 850
201 51
253 61
216 31
198 61
192 81
300 7200
203 31
300 6740
286 51
128 11
300 3520
300 8110
244 71
74 41
277 11
230 21
261 91
300 3960
263 91
47 1
252 31
300 2030
67 61
300 9000
116 91
65 41
17 1
38 91
297 9000
205 61
98 980
231 5445
191 91
196 71
150 31
48 91
115 1349
251 31
196 61
101 91
300 9010
300 3410
236 5683
99 21
300 4440
46 51
300 1750
63 81
72 71
273 31
300 2850
294 31
99 41
300 6770
211 61
63 11
300 8410
265 21
121 31
300 5630
238 31
300 8120
130 21
70 500
287 8405
45 206
272 51
37 11
300 6650
162 1
24 21
300 6000
253 51
300 1840
300 7810
187 81
123 81
287 31
300 6710
300 6470
50 11
224 31
165 1
105 31
300 2000
300 6680
205 51
195 71
201 4122
287 1
34 1
86 11
140 91
192 1
300 2910
300 5530
257 61
300 2620
28 61
300 5200
300 6050
300 3500
238 81
183 3417
284 71
174 1
186 61
202 4163
56 1
110 21
244 81
37 31
272 1
107 61
292 41
261 41
300 7400
34 11
300 2190
206 31
275 61
300 1460
289 11
45 31
162 21
198 4000
217 61
263 7058
227 91
64 91
160 41
126 1620
249 81
172 81
155 31
300 3210
300 5320
219 81
300 540
128 31
158 2547
181 31
300 4720
82 11
261 6951
84 11
300 1070
252 91
300 3080
279 41
183 11
195 81
300 5830
218 61
32 81
173 51
263 61
286 31
300 1640
162 91
187 21
300 3360
300 6270
178 1
300 460
300 8290
17 11
234 71
199 4040
96 1
136 41
300 7270
300 2660
86 51
300 960
300 6290
274 61
146 21
175 11
296 41
300 1780
134 91
215 11
204 41
300 4280
220 61
269 41
125 41
194 81
182 61
272 91
300 4390
121 41
137 91
60 31
169 41
53 11
151 41
168 51
122 91
177 71
69 61
257 31
248 41
213 1
300 8450
29 11
193 81
300 5160
222 91
300 1310
195 3880
27 11
40 61
300 1520
300 5370
260 1
186 71
91 41
141 81
57 21
300 5190
63 71
300 7080
103 71
153 81
164 41
55 51
300 5890
73 71
247 61
117 1396
300 3580
300 1190
174 61
74 81
182 41
181 41
293 31
300 260
300 9140
300 2740
65 1
102 41
300 3870
300 7910
85 51
290 8581
25 41
193 61
101 31
300 8570
277 71
300 6180
288 41
300 6340
100 71
300 8240
191 11
98 31
170 91
214 81
300 6700
39 61
51 21
291 51
159 51
300 6980
300 3820
300 4420
214 1
281 41
290 71
120 1469
49 31
300 2230
245 31
300 7760
161 71
81 31
300 2320
35 91
180 41
88 31
211 21
259 81
189 81
140 51
52 51
49 71
300 9150
184 81
296 21
157 2515
220 41
269 61
300 1710
300 4920
57 61
39 41
47 11
300 8520
300 4470
300 7480
300 5960
300 4340
80 653
99 71
300 7570
52 91
255 41
300 510
259 21
266 21
300 1360
293 41
300 5840
300 1260
64 81
300 7970
143 91
93 41
61 41
73 31
132 21
55 41
206 61
240 91
188 81
164 91
263 21
169 51
234 31
231 11
235 91
57 331
102 71
174 81
47 91
300 5610
290 11
145 61
70 71
123 11
173 31
188 11
229 41
207 91
300 7100
253 71
164 51
147 11
131 41
92 41
209 41
101 61
300 3160
300 2280
235 61
38 1
59 51
254 81
111 81
38 11
300 8370
37 81
300 480
72 51
142 1
80 31
300 3330
300 680
244 11
259 71
300 4690
115 81
214 4673
185 71
300 160
54 41
266 71
148 21
271 61
75 573
300 3610
300 3990
192 71
180 21
159 1
264 61
35 71
89 91
88 51
128 71
161 11
288 21
192 21
300 51
300 7540
164 81
122 31
199 31
87 1
300 6510
89 41
300 6580
210 51
31 41
67 81
66 51
23 51
94 61
123 1543
256 81
300 4600
137 1
300 1050
300 8220
26 41
113 11
128 1671
300 5550
300 4620
231 21
300 6920
300 2050
300 2890
29 71
300 7800
67 11
300 6220
41 41
65 81
149 51
76 51
261 21
280 61
117 11
261 31
280 91
300 6640
237 81
300 8540
246 1
207 4372
246 11
300 5210
105 1125
226 71
268 81
75 51
300 5240
261 81
19 11
163 71
293 91
86 754
135 11
48 31
162 11
185 31
248 81
132 91
61 11
300 8810
300 3570
68 51
58 91
156 31
267 7274
27 31
300 990
268 7328
107 41
113 71
162 2677
248 11
171 41
80 71
230 91
69 1
248 51
98 71
111 11
245 6125
83 91
234 21
281 61
300 5590
132 31
126 91
234 41
187 31
272 71
300 5420
300 3070
300 1830
40 81
234 1
87 61
296 61
172 51
236 91
49 61
68 81
113 1302
39 51
165 91
134 51
148 41
249 6326
300 4810
300 3480
31 31
300 5250
96 81
41 61
276 91
91 91
279 91
300 1510
200 71
91 31
34 91
217 71
257 81
58 11
300 4740
300 3720
201 61
135 61
300 6300
201 1
262 91
195 51
280 21
23 21
300 4450
300 3850
103 91
117 61
69 41
229 1
58 51
31 91
173 61
43 51
300 1480
62 11
100 1020
300 9160
261 1
300 5990
29 61
299 9122
163 91
52 71
300 110
85 91
300 2590
118 1420
83 11
292 11
300 3560
166 41
158 71
228 1
123 1
265 71
284 1
207 31
224 81
108 1
263 41
103 1
165 51
300 5270
281 1
216 1
257 6739
156 71
64 51
287 71
266 81
275 41
228 5304
21 11
34 61
84 1
300 4100
45 41
225 21
23 1
80 1
260 41
120 61
125 81
300 2430
300 4430
77 1
175 51
300 6150
132 11
90 91
6 1
300 2700
300 6020
208 81
190 3683
114 91
35 11
46 11
245 61
300 3620
139 31
230 1
146 71
273 81
204 81
154 41
51 1
45 71
134 1832
95 71
247 71
300 8750
265 1
89 81
22 31
133 1
115 1
300 2090
39 21
5 1
79 41
299 1
288 91
300 2180
300 3000
94 21
180 61
97 61
186 81
300 7890
48 61
300 1730
211 41
95 91
300 7870
50 71
232 1
101 1040
298 31
283 51
300 1760
244 41
300 8690
300 2130
60 41
16 21
226 81
300 2120
177 3196
31 1
298 21
35 51
146 81
75 1
300 8720
300 6780
212 1
298 71
40 51
191 51
254 71
68 91
287 81
258 91
300 1820
300 3190
97 51
297 81
108 61
300 8930
