3988
128 1
69 91
227 1
143 31
150 81
114 91
192 21
65 71
54 21
131 81
179 11
300 8720
72 21
225 1
104 1
83 71
54 51
122 11
300 2890
300 5500
5 1
300 4860
300 4480
277 41
77 31
32 41
300 7770
127 91
300 6770
300 7190
34 91
227 5258
179 41
41 61
300 500
300 7380
247 6225
170 91
234 61
300 4970
300 7530
169 41
300 3300
105 1125
183 21
57 61
154 91
50 81
300 2010
74 51
300 7760
269 51
176 91
254 11
300 1990
102 1
95 31
241 41
300 5550
168 1
148 21
300 7550
45 21
113 51
100 51
219 51
31 61
259 61
243 61
300 8980
152 61
300 190
150 51
300 8620
180 1
253 71
180 61
119 71
300 4120
31 91
275 51
266 31
105 11
185 91
193 81
300 5580
58 31
300 4440
300 1550
300 6390
108 1190
283 1
59 51
104 31
275 71
254 81
177 41
275 41
93 91
248 11
73 91
61 379
64 51
180 11
279 21
295 8880
122 1518
75 31
122 81
64 11
300 8820
289 8522
245 21
133 31
247 71
206 81
300 6040
207 51
294 1
260 1
99 51
101 21
195 11
35 11
294 21
43 61
292 21
300 7810
187 11
22 41
297 31
147 51
300 2220
88 11
242 11
286 81
241 1
55 21
287 21
107 21
246 71
168 51
56 1
53 21
300 300
300 1890
300 5930
300 3510
300 3460
300 3220
268 21
84 61
248 71
288 1
255 51
209 1
300 8170
97 960
49 11
290 21
233 61
282 71
293 61
37 61
300 3420
120 91
300 3060
169 81
203 71
188 51
300 7270
143 51
36 21
300 2000
103 1082
69 11
16 21
222 41
238 71
222 1
248 1
74 21
199 81
216 4760
300 7210
111 21
151 41
65 21
300 5900
117 61
258 71
106 71
279 81
155 31
109 91
63 405
151 91
234 1
240 41
232 5492
97 71
53 81
300 2100
42 61
240 11
130 21
66 61
237 31
264 41
68 21
300 5720
300 3100
297 71
300 7130
300 2110
90 31
102 51
300 4790
129 1698
300 2910
6 1
234 51
172 3018
204 21
98 41
272 91
300 1480
261 51
126 11
41 41
300 8250
300 3930
300 9160
143 41
300 210
300 9060
50 91
100 11
94 71
287 41
300 7280
66 81
290 8581
57 331
145 61
98 980
17 1
278 61
45 1
300 5780
300 8520
139 41
256 1
205 91
185 71
300 5410
120 31
82 21
173 21
144 71
35 31
33 51
245 51
300 1700
300 8300
226 41
75 51
207 1
96 41
132 81
106 51
193 11
177 21
259 71
158 2547
186 11
283 81
40 71
300 8530
209 91
191 21
140 31
271 21
83 91
300 8150
93 1
145 1
149 71
183 31
61 61
192 3761
238 21
82 11
15 11
136 11
300 1200
300 3750
125 31
260 61
280 61
126 1
300 1240
226 1
70 71
182 21
300 6750
300 5850
300 1790
216 41
300 7070
300 7440
65 1
98 81
193 3800
139 91
300 8240
300 7560
78 21
62 71
300 8030
222 51
158 41
218 1
263 41
149 41
231 31
265 1
223 71
300 1190
137 51
102 81
146 51
152 2357
275 21
152 91
131 21
62 21
300 2730
201 4122
127 41
172 81
288 61
162 71
27 61
209 21
289 71
300 7410
145 2145
48 21
101 41
119 61
70 51
223 21
270 41
243 21
135 91
285 71
300 9130
75 91
300 280
96 1
232 21
224 5120
239 11
178 91
264 91
212 1
215 71
99 71
232 71
278 91
276 31
236 21
147 61
143 1
205 51
174 31
300 5450
186 1
300 3620
300 4340
94 61
76 71
16 11
300 2450
117 31
225 5165
180 31
46 11
77 11
58 81
119 21
249 41
214 4673
67 41
156 51
89 1
300 7170
87 81
120 71
97 11
14 1
56 51
288 41
300 2210
28 41
212 31
300 240
300 8600
108 41
300 8650
300 8280
95 920
187 61
300 7920
91 41
214 61
300 7740
184 61
182 71
83 1
175 3125
211 71
135 61
300 6700
300 6640
188 41
152 81
41 1
300 6930
173 3053
214 1
167 81
157 31
296 81
292 11
85 737
139 11
241 51
257 21
206 91
162 91
186 41
30 91
83 51
147 71
117 21
300 4280
300 3450
126 51
286 21
274 31
236 71
67 458
300 8580
135 51
196 21
300 6780
299 21
229 71
300 3740
33 21
300 5480
300 3940
243 1
300 6890
185 61
290 11
266 1
238 51
81 21
283 71
49 1
126 31
300 8780
254 61
201 61
64 1
300 8190
300 170
100 21
300 7040
300 4320
202 21
292 8700
129 21
72 11
153 51
195 71
252 61
57 91
154 81
201 1
198 61
300 1740
267 11
196 81
274 1
112 41
300 1880
125 41
147 91
257 91
300 6250
300 7610
294 31
72 71
234 81
274 71
250 6377
90 51
240 51
141 31
18 11
229 51
174 41
59 71
162 81
300 5740
127 61
256 81
227 51
33 61
249 91
215 41
200 21
53 91
61 21
128 31
175 91
300 2920
230 11
300 5920
173 1
201 71
142 41
300 2540
203 21
238 61
156 41
128 81
284 11
300 1640
300 4350
163 11
300 8460
284 71
55 308
232 81
258 91
79 1
300 4630
300 7260
222 31
300 6900
251 81
256 31
180 41
41 91
141 81
152 71
100 81
227 11
300 600
300 4890
207 31
90 11
106 81
130 81
263 11
300 3380
300 4460
300 5960
254 21
71 61
184 1
71 11
222 61
252 41
225 51
168 11
39 1
300 1450
59 81
300 8500
157 81
300 2080
118 11
87 1
56 31
16 1
280 1
76 61
297 21
261 61
90 61
186 81
41 81
300 3760
300 81
285 8288
300 3610
293 11
300 3080
76 51
275 31
215 4716
300 6650
71 91
300 250
63 41
269 91
300 2470
263 31
212 71
127 51
300 2900
300 7970
260 6897
99 81
73 71
127 81
32 31
231 61
187 1
208 21
224 91
100 31
97 31
112 61
235 91
253 91
134 71
300 2380
300 6540
219 71
219 31
173 51
82 31
115 1
125 91
189 51
300 5890
141 11
192 91
242 41
116 51
300 1130
300 4750
192 71
110 21
181 31
38 41
51 91
31 1
264 31
269 7383
112 21
44 41
265 7165
192 11
300 9000
300 3650
300 8410
39 41
211 61
46 61
101 71
35 71
300 5010
207 21
256 71
140 2000
243 81
155 91
172 91
139 1971
300 840
205 21
253 21
300 5490
278 71
68 31
38 61
269 11
31 31
242 81
169 11
244 51
194 61
296 21
203 51
266 91
277 61
63 21
82 61
184 81
75 573
106 41
300 2390
34 71
99 1
300 3330
265 11
59 1
179 71
154 51
88 81
218 61
243 6025
236 41
151 1
81 61
61 31
300 2170
272 71
204 61
64 91
290 71
216 21
226 71
300 6310
107 51
300 3020
249 21
258 31
267 71
278 21
69 485
103 61
103 81
69 1
102 61
73 1
161 31
281 81
239 71
297 81
300 8470
238 91
64 61
300 5750
238 1
242 61
194 41
300 41
228 71
279 41
298 41
76 21
63 71
300 5860
188 81
99 61
300 2140
300 5570
189 91
291 1
258 21
141 61
255 1
159 31
54 91
143 11
98 21
300 550
300 1280
300 5730
66 31
144 81
33 91
199 61
295 11
95 11
147 2205
300 290
91 1
48 235
233 21
235 61
300 5910
217 31
236 51
235 11
171 61
271 91
244 1
76 41
185 31
273 21
298 61
192 61
12 11
228 31
300 7820
300 5170
116 81
142 1
247 31
102 41
106 1146
237 1
300 7200
185 21
238 31
300 8050
300 1570
27 21
73 61
274 81
140 21
276 41
274 91
98 91
13 11
88 31
300 5360
300 7780
202 1
268 91
246 51
300 7870
164 81
248 21
78 41
95 21
300 3590
300 1310
288 31
300 7840
147 31
202 31
300 8760
211 91
195 61
300 9090
131 1751
194 21
300 5270
189 11
67 91
293 8760
178 1
300 1020
228 11
70 61
121 71
273 1
84 1
127 31
167 91
300 8740
82 41
266 51
150 1
182 81
230 71
282 81
109 1212
227 71
298 9061
300 3890
259 21
91 845
113 31
249 1
275 61
263 7058
300 5820
257 41
37 139
300 7320
300 150
133 61
260 91
265 31
153 31
300 8970
300 640
124 1
105 21
290 51
251 61
288 8463
205 61
300 6330
155 41
23 51
300 8680
300 7630
300 5310
39 91
294 91
95 91
180 51
230 1
63 51
66 91
186 71
300 2550
300 2060
158 21
236 91
82 51
300 5980
234 91
72 61
162 51
300 5710
126 71
283 11
300 1600
300 5810
295 51
26 11
254 71
261 81
300 2720
283 31
155 51
159 21
104 21
300 6030
42 71
44 11
48 71
179 91
300 6570
82 686
300 3710
50 31
160 31
299 61
300 4980
219 91
300 2800
123 1543
85 21
226 5211
300 6760
212 21
59 21
201 21
81 31
156 11
200 71
300 4870
144 11
300 1060
106 1
245 81
99 21
291 81
281 8057
100 1020
225 61
43 81
194 31
113 41
300 960
228 61
39 11
45 31
300 1720
300 6180
51 61
300 2640
54 11
300 340
189 3645
78 11
129 1
300 200
133 1805
255 31
221 31
37 81
124 41
266 21
204 11
146 91
231 81
137 31
160 61
268 61
300 5220
60 81
274 11
289 51
300 9070
298 91
148 61
300 420
300 9080
300 8800
92 91
263 61
53 11
67 11
228 51
272 11
79 21
130 41
265 81
300 4370
300 4590
209 81
34 11
279 51
31 21
199 1
241 61
183 61
64 71
300 2690
134 1832
300 8330
116 21
236 1
177 1
146 31
171 91
244 31
47 11
300 4110
300 4990
300 8400
126 1620
24 51
250 21
178 31
300 620
300 310
198 31
278 31
155 71
300 9020
91 61
145 81
300 800
72 81
300 1560
143 91
300 7000
300 3210
300 6840
171 31
203 31
273 51
300 6520
267 91
193 71
24 41
210 81
221 91
74 61
300 2460
90 91
36 31
178 81
300 2200
51 1
158 71
300 380
177 31
166 11
300 8260
300 3700
35 61
37 41
300 7230
111 61
300 2940
212 91
225 11
271 31
189 71
164 41
300 4780
134 91
294 61
300 8220
39 61
63 11
242 5975
72 41
124 51
34 117
146 61
247 61
300 6590
86 11
100 71
21 1
182 41
113 71
71 51
21 21
43 11
284 8230
132 1777
152 1
299 41
300 8900
300 2040
300 3160
178 11
111 31
212 61
300 970
138 71
129 71
159 81
272 7549
80 41
193 21
300 4150
177 3196
293 21
291 51
133 71
249 81
258 41
207 91
163 81
300 8930
140 91
153 2388
157 41
260 81
101 61
40 21
87 31
237 41
136 21
297 91
300 2840
300 1500
55 41
300 6910
120 1469
65 91
171 1
109 81
300 5040
286 31
265 51
177 71
134 81
67 81
245 1
273 11
206 41
286 61
155 61
240 5877
70 41
273 31
225 81
93 31
279 11
300 3390
37 71
183 11
253 81
280 71
31 51
95 71
267 51
300 8860
189 1
224 51
37 11
176 81
300 7450
218 21
108 81
294 71
250 71
123 31
299 71
142 71
300 5640
300 8770
300 61
58 61
159 61
199 91
291 61
44 61
300 7100
300 3310
300 1910
300 3550
36 71
142 91
201 31
199 41
204 71
264 81
153 41
81 81
213 71
116 1373
300 6480
298 21
300 4720
300 140
148 81
77 61
211 11
35 41
282 1
300 7720
143 2086
178 71
281 41
164 71
185 11
110 41
115 71
42 31
87 51
300 5050
300 3500
134 21
146 81
84 51
197 31
57 51
120 1
159 71
300 610
133 81
300 2020
220 61
300 4240
20 21
300 180
60 367
300 7430
60 21
39 71
300 2600
156 21
109 31
300 3960
138 41
241 91
48 91
300 3200
213 1
267 31
146 21
61 91
300 1120
300 1
261 6951
232 11
120 61
300 3230
257 71
300 8040
54 297
300 5560
284 61
161 61
178 3233
300 4650
83 31
65 51
300 2130
300 2330
29 81
300 2630
168 71
170 1
229 81
195 21
220 4938
169 1
181 91
106 91
93 11
300 100
273 7605
214 71
300 3130
300 1340
115 41
91 91
239 81
36 11
231 21
166 2811
77 81
182 3380
57 1
300 5690
300 8370
89 81
148 41
241 31
300 5330
26 61
75 21
262 1
294 81
300 8950
93 81
300 6010
42 1
287 1
207 41
135 11
56 71
241 71
11 11
300 5680
300 6020
163 51
60 61
300 3050
298 51
300 4090
300 4800
186 91
174 3089
300 1170
239 1
277 11
115 31
300 3410
300 3630
68 41
47 1
181 71
262 51
288 51
273 81
57 81
160 51
296 31
246 81
25 41
299 91
55 11
92 1
282 11
270 11
89 41
293 31
249 61
41 11
95 51
292 61
300 2980
86 1
132 61
144 2115
165 51
68 61
273 91
73 41
300 3280
188 91
300 6940
299 31
33 1
73 543
300 6140
32 104
164 91
210 4500
94 31
77 41
300 9110
65 31
157 91
174 11
26 31
98 71
293 81
200 1
300 6060
116 41
131 71
281 11
47 61
300 630
114 21
300 1850
49 71
63 91
300 5370
19 11
300 2590
300 8890
140 41
162 61
228 81
270 91
300 4710
232 31
91 31
215 11
132 31
260 41
137 11
167 31
120 81
300 7140
300 6670
300 2790
118 41
147 81
138 31
300 1980
300 1520
188 61
300 8020
227 81
43 21
300 4290
19 1
203 11
247 51
154 21
223 91
168 41
300 560
71 514
65 41
55 71
90 826
300 5380
300 8010
163 2711
228 1
158 81
278 1
117 71
154 61
268 7328
150 91
300 7330
300 2250
178 21
190 51
94 81
176 41
300 1750
220 51
300 4730
296 61
27 41
177 51
300 7120
108 91
258 81
100 91
300 820
194 81
300 8140
156 1
162 11
98 11
128 11
300 1040
154 1
70 500
139 81
267 1
202 51
101 1040
225 71
73 21
114 51
300 5600
51 11
10 1
300 1690
251 41
156 71
187 51
87 41
158 11
261 11
265 71
300 1460
300 3270
76 589
45 206
40 163
17 21
300 7960
128 41
110 81
300 6710
148 91
56 81
127 21
205 71
70 21
259 6845
300 2670
147 1
300 7700
258 61
122 31
30 71
151 61
211 4542
300 5030
224 81
254 51
126 41
19 31
259 31
205 11
149 2265
262 71
300 4740
257 1
300 2510
35 81
199 31
249 51
274 21
251 31
124 71
134 11
300 8810
300 3120
260 11
295 41
71 41
109 11
300 6560
278 81
91 21
186 21
107 1
243 31
280 11
251 71
300 4050
300 6440
121 1
227 31
69 81
300 5120
183 71
79 11
110 91
282 31
228 5304
184 41
300 1820
300 21
45 41
135 71
300 3430
300 8420
118 1
300 6290
96 11
163 41
276 7773
300 6320
241 21
211 1
110 71
300 1380
300 2240
225 21
300 5950
149 1
202 11
214 91
101 81
300 2180
29 61
300 830
161 21
209 31
300 8340
184 91
190 41
300 1660
183 81
300 6970
47 51
253 11
142 2057
300 6160
122 91
101 1
200 61
74 31
209 61
300 3260
300 6620
268 1
300 9140
188 21
198 11
186 3530
287 11
175 81
268 31
300 770
253 61
62 41
136 71
92 41
300 3730
63 61
102 11
300 900
68 91
62 392
63 1
287 81
203 41
300 5280
154 31
220 41
151 31
174 91
153 91
20 31
72 528
300 6300
34 21
269 21
244 11
122 51
300 4300
137 1915
300 7640
25 31
47 71
300 8160
300 7990
97 41
61 71
257 81
67 71
134 1
235 71
124 31
150 41
300 2620
225 41
242 31
257 31
70 11
56 320
258 1
222 21
191 41
300 1390
118 1420
202 4163
173 71
283 21
300 5090
190 21
96 51
233 81
30 1
99 31
80 653
148 1
213 4629
300 4060
49 21
254 1
157 71
300 1710
230 5397
168 91
297 9000
300 8960
150 31
300 1000
295 31
48 1
241 81
155 11
199 71
300 2230
128 91
231 51
243 71
69 31
18 21
113 91
202 61
170 11
285 31
210 41
165 61
300 4490
300 7220
300 6550
287 91
197 61
160 2612
291 21
300 3950
300 730
247 41
300 880
180 3306
207 81
48 41
189 21
300 1180
149 21
140 71
114 41
250 1
239 41
300 650
300 7880
152 11
93 71
189 81
165 2778
300 1620
137 41
97 61
300 2610
236 61
252 31
300 5110
300 6500
161 1
90 81
148 51
49 31
182 11
176 31
300 1140
300 4660
248 91
193 51
79 71
229 5351
300 2530
90 41
52 51
160 41
300 570
149 31
300 8660
78 71
300 7400
300 2580
50 255
300 220
244 81
161 91
284 41
44 197
69 71
129 41
300 7910
197 11
271 81
300 760
215 51
300 120
264 11
220 31
144 41
192 81
145 41
119 91
108 71
200 4081
300 1440
94 21
69 41
300 1650
300 4930
300 1210
238 5780
300 4880
183 41
157 1
148 2235
185 51
300 3830
173 11
246 31
102 71
270 71
256 6687
300 8110
225 31
40 51
300 1430
120 41
300 6380
270 51
294 51
300 2560
199 4040
300 2740
59 11
254 91
300 1330
296 11
300 1110
300 2050
224 21
245 91
110 31
300 1100
300 4260
209 4457
275 81
27 11
277 81
300 2830
58 21
99 11
263 81
187 81
138 91
75 1
300 7510
224 61
300 4640
189 61
274 41
70 31
300 3810
279 61
81 51
52 41
300 4380
4 1
88 51
206 71
242 71
137 1
298 1
62 91
162 41
57 41
216 31
68 81
205 31
125 61
272 51
237 21
170 81
149 51
262 41
115 1349
154 11
29 1
300 6450
229 91
300 1580
108 1
171 81
191 61
300 8380
300 2880
131 91
171 51
59 355
152 51
262 31
216 1
276 11
200 11
264 71
168 61
193 41
165 81
81 91
300 6850
200 41
300 6830
300 5430
113 61
300 5230
256 21
169 91
141 91
104 41
300 2750
197 3960
300 4200
49 41
231 71
207 71
153 71
300 8920
300 490
250 61
300 8350
24 21
131 11
86 71
234 21
116 1
300 7690
230 81
113 11
104 11
136 41
30 41
300 3570
213 11
15 21
300 3920
300 4000
252 21
204 51
53 31
119 51
300 5020
277 51
159 2579
210 91
160 81
300 4160
72 1
300 1830
108 51
300 1090
255 61
80 51
300 7340
133 41
300 6470
200 51
203 91
8 1
300 7500
62 61
36 1
42 180
300 7030
266 81
129 31
178 61
153 21
53 51
84 91
275 91
74 71
294 41
37 1
223 51
250 81
276 91
300 2030
290 41
151 81
246 91
300 2570
114 81
289 11
138 61
300 2700
300 5630
167 21
300 5160
300 9040
294 11
300 1930
116 71
297 41
125 11
171 11
300 990
141 2028
197 81
36 61
300 2400
33 11
204 4246
187 3568
53 41
261 31
129 61
300 3360
123 11
38 71
300 7290
160 21
297 61
300 3180
299 1
87 71
300 4950
205 4288
40 61
300 750
101 51
293 41
287 61
132 51
51 21
78 31
271 7493
286 1
155 81
159 41
105 31
164 61
221 51
214 41
139 21
262 11
68 471
197 91
64 41
234 71
298 71
188 11
221 61
231 1
300 6630
246 11
108 61
300 720
172 1
166 41
57 71
141 51
23 21
123 41
35 125
83 61
166 91
40 41
300 8210
282 51
136 31
36 81
300 2760
300 7790
52 61
300 7600
24 1
300 7710
206 31
300 3190
128 21
164 2744
131 1
90 71
77 51
27 31
300 2440
119 1445
300 7180
292 41
268 71
177 81
125 21
125 1
276 21
78 1
208 1
94 51
264 1
264 21
143 21
300 950
145 51
238 11
213 91
300 4580
35 51
171 41
300 4390
146 2175
245 41
300 8390
248 51
300 5200
300 4010
45 51
45 81
88 41
292 71
261 1
300 2680
300 410
300 6410
118 91
129 81
191 31
300 1320
139 51
107 1168
109 61
208 81
300 7900
217 41
300 2420
266 7220
172 61
247 21
165 91
193 1
300 1530
269 81
99 1000
291 41
164 21
239 31
172 41
162 21
250 41
295 21
296 71
300 3240
300 2710
300 8200
90 1
151 21
280 8000
107 31
29 51
128 61
300 5130
300 8670
78 81
156 81
261 21
123 91
41 51
300 790
300 450
195 31
300 4190
300 5510
300 8850
138 1943
185 41
300 4820
241 5926
300 7390
264 61
154 2420
132 11
94 1
20 11
143 71
157 51
156 61
210 51
300 110
285 1
176 11
219 4893
81 41
231 91
45 11
218 51
255 41
198 81
197 41
300 360
295 71
157 61
300 3720
300 1220
251 51
155 1
290 31
217 4805
67 61
281 71
280 21
93 41
300 710
211 21
300 7160
208 51
92 11
284 81
300 3680
300 4140
246 21
30 11
194 71
27 71
51 81
137 71
36 41
53 1
116 61
300 1400
291 8640
145 71
192 41
222 81
130 1724
23 31
300 2820
300 7940
58 343
176 1
26 21
292 1
205 41
276 71
100 61
254 31
208 4414
133 91
252 6480
42 91
300 5940
83 81
52 275
40 91
283 61
127 11
300 2660
231 11
190 91
216 51
300 6090
300 4900
244 61
300 7240
84 81
297 51
300 6960
121 11
70 91
300 5320
300 1950
86 91
163 91
36 132
129 91
179 21
238 81
165 41
300 6690
300 4770
300 4420
240 71
80 1
234 31
217 1
285 81
262 61
300 3970
82 71
300 1780
266 41
212 41
31 11
266 71
87 772
300 91
271 71
300 8440
60 41
210 31
262 21
50 21
170 41
80 21
300 6050
138 11
161 41
300 3530
221 71
269 61
150 2295
78 91
239 51
190 61
240 1
139 31
48 51
208 11
214 31
190 3683
244 41
31 71
78 61
300 5700
300 4600
204 91
227 91
105 1
184 21
137 21
92 51
237 61
119 81
300 4070
233 51
300 4960
93 61
75 71
93 882
105 81
82 81
122 41
300 8080
300 6950
240 91
71 81
300 2500
300 5150
179 51
62 1
191 81
139 61
300 2990
42 81
230 31
104 51
199 51
268 41
108 11
300 7670
49 81
153 61
299 9122
123 81
28 51
167 11
78 51
181 21
217 11
61 41
217 51
244 71
166 71
291 71
65 11
272 41
58 1
185 3492
217 91
131 51
300 4210
300 5240
39 51
179 81
66 1
300 4830
192 31
300 4760
46 91
218 4849
300 6490
271 11
38 91
142 61
205 81
85 71
125 1594
12 1
284 21
293 71
194 3840
300 3880
267 21
121 61
300 590
299 81
125 71
300 9170
192 1
266 11
89 808
300 7650
202 71
281 61
57 11
270 61
195 1
256 41
124 11
300 260
96 21
57 31
289 21
112 91
286 11
159 91
61 81
288 21
166 31
300 3150
36 51
264 51
186 31
177 61
300 1940
115 81
165 31
300 3910
180 91
157 11
79 61
224 11
208 41
74 11
81 11
123 21
17 11
286 91
300 4170
51 41
76 91
300 6110
225 91
300 1920
80 11
189 41
166 61
130 71
67 51
300 1370
159 51
35 1
184 3454
300 7800
219 81
300 2970
110 1
136 1
23 41
300 4570
34 51
291 91
163 61
164 11
119 1
300 3840
112 31
68 1
300 6860
300 8270
187 71
300 6800
143 61
300 9150
290 91
70 1
300 520
300 6230
282 61
170 51
85 41
223 1
187 31
236 81
114 61
147 11
73 81
300 8450
295 1
95 41
263 1
208 91
86 31
175 51
124 91
300 680
30 81
195 41
76 81
150 21
73 51
300 3010
23 1
231 5445
111 1257
263 51
272 1
300 3110
196 11
300 320
285 41
300 6430
300 6720
300 1350
300 980
282 21
244 21
169 31
300 2930
300 3820
88 21
42 21
300 5620
235 81
28 71
300 6170
300 7300
300 5260
185 81
114 71
300 1800
22 31
85 61
245 11
122 1
241 11
103 31
54 71
300 930
122 21
38 21
253 51
300 3870
296 41
190 1
300 7110
224 41
127 71
120 11
212 81
257 61
300 3470
300 8710
300 5530
134 51
253 31
169 51
182 1
172 21
124 21
184 31
295 91
94 11
277 71
289 31
29 31
149 61
135 41
135 21
49 51
114 1326
300 5180
233 91
244 6075
50 61
300 2340
118 21
29 41
53 61
230 41
300 3520
277 1
199 21
289 81
300 8230
28 21
209 51
80 61
300 1270
265 91
171 21
187 41
89 91
104 1103
26 1
300 5540
115 21
151 2326
146 1
41 171
300 8090
171 71
300 8830
300 6100
240 61
300 2320
86 41
128 51
65 81
223 81
151 71
230 91
196 31
223 61
52 31
52 11
32 21
300 8880
56 11
300 5990
163 31
170 71
300 2090
289 91
128 1671
277 91
176 71
171 2983
63 31
279 1
300 6280
300 6350
300 1590
300 7850
42 11
215 61
300 5290
233 5539
203 61
162 2677
98 490
117 41
208 71
89 51
66 51
251 11
21 31
300 400
132 91
258 11
69 21
41 31
274 51
168 31
116 31
67 31
267 61
115 11
300 4560
194 11
32 71
201 51
68 11
202 41
300 31
95 81
45 71
292 91
52 91
96 81
223 5074
300 3540
173 41
300 7580
300 8120
95 1
216 71
174 51
242 91
227 61
162 1
278 51
209 71
279 7942
34 81
83 41
300 430
277 31
175 61
200 31
103 91
22 21
112 1
32 81
253 6531
294 8820
173 81
226 21
300 7950
54 81
271 1
214 51
144 61
256 61
244 91
105 61
91 51
247 81
174 21
190 11
189 31
167 61
55 31
183 91
256 91
300 6530
184 51
51 51
300 8130
120 21
170 61
200 91
250 11
110 51
85 11
90 21
165 21
300 510
144 1
261 41
285 51
280 81
265 61
222 71
147 41
284 91
101 31
213 41
300 9120
248 6275
15 1
251 6428
75 81
214 21
134 31
183 1
269 1
134 61
300 7250
300 8790
247 91
113 81
105 51
213 61
118 51
300 4500
300 1730
300 2360
300 4690
300 6240
300 1900
300 4530
175 31
300 3040
245 31
177 11
300 1230
41 71
40 81
242 21
289 41
127 1645
46 81
103 51
98 61
106 31
220 71
11 1
300 4360
215 21
112 71
204 41
109 71
84 71
300 7060
300 5460
221 11
124 81
287 8405
176 51
300 3770
44 51
290 61
262 81
71 21
107 91
82 91
300 4230
300 8070
31 41
300 3030
175 41
218 91
140 61
56 41
145 31
79 41
52 1
114 11
164 1
203 1
88 790
280 31
300 6730
51 265
101 91
292 51
226 11
195 91
66 41
199 11
272 31
39 31
300 5390
257 11
181 51
96 71
300 3990
40 11
48 81
300 5660
129 11
119 31
38 11
300 7620
300 850
185 1
137 81
175 1
300 3070
83 21
159 1
191 3722
191 51
108 31
170 21
107 81
198 4000
300 4310
102 21
190 81
300 1960
300 5970
32 11
265 41
223 31
210 21
271 41
261 71
300 8690
144 31
107 41
161 81
300 8610
300 4400
26 41
269 71
104 81
157 21
300 7730
96 940
296 8940
103 1
260 51
73 11
157 2515
182 51
59 91
130 11
46 215
113 1302
251 91
32 51
110 11
125 81
47 21
46 31
126 91
50 1
50 11
181 41
132 1
30 61
142 51
300 8560
207 61
300 3250
280 91
300 4410
27 1
46 71
168 21
248 41
146 11
71 71
276 51
281 1
300 6260
271 61
117 51
221 41
119 41
168 2880
300 130
160 11
217 81
47 225
300 6460
281 31
101 11
300 5060
128 71
300 5340
250 31
227 41
288 81
300 3350
115 61
145 21
248 31
300 4450
300 740
300 6990
219 41
140 81
300 4520
126 81
76 31
198 1
164 31
56 21
44 1
300 4670
140 1
300 5760
226 31
53 71
300 3480
196 91
300 4270
167 1
295 61
300 860
300 4510
300 7360
300 7370
300 2810
144 91
221 21
54 1
153 11
166 1
300 7590
300 8870
111 41
39 21
109 51
47 91
259 51
65 431
130 51
300 1840
300 3140
46 21
211 41
36 91
169 2914
300 7830
284 51
100 1
300 9180
300 440
298 31
270 7438
49 61
262 7004
99 41
191 1
300 390
179 31
300 2860
122 71
281 21
197 1
300 6120
257 6739
300 2370
237 91
295 81
190 71
214 81
300 5070
19 21
56 91
245 61
286 71
275 1
300 2280
78 620
133 51
300 5140
187 91
260 21
211 31
145 91
79 81
299 1234
146 71
300 8480
289 61
111 81
226 81
46 41
81 1
300 890
300 4080
25 21
140 51
256 11
92 61
300 5350
245 6125
35 21
239 91
300 2190
176 61
142 11
84 41
300 1030
167 51
300 5440
153 1
234 5587
168 81
94 901
149 11
87 91
107 11
223 41
300 7470
138 1
252 81
263 21
138 51
300 8840
72 51
300 540
300 7350
103 41
181 1
232 41
300 370
139 71
152 21
91 81
248 61
177 91
211 81
300 5670
50 71
35 91
59 31
165 11
300 7490
196 3920
62 81
196 51
300 2260
261 91
77 605
38 51
289 1
77 91
300 7150
300 4840
172 11
279 91
194 91
198 71
260 71
215 81
243 41
137 91
300 8590
300 5080
186 61
20 1
213 21
300 530
232 91
300 4680
92 21
142 21
300 2850
46 1
300 5800
179 1
300 460
300 6820
148 31
300 1810
102 31
121 31
161 71
215 31
130 61
188 31
68 71
75 11
237 11
55 51
300 8100
300 1670
300 1680
288 11
140 11
92 71
300 6210
288 71
58 91
204 31
207 4372
300 6150
130 91
174 71
293 51
117 1396
182 91
86 51
300 9010
161 2645
300 5400
273 61
267 7274
92 863
182 31
220 11
239 61
256 51
133 21
32 1
206 21
98 1
33 81
60 11
272 21
89 71
87 21
135 81
85 81
125 51
116 11
167 71
300 910
62 51
255 11
300 6660
28 1
300 4540
278 7886
91 71
174 61
100 41
275 11
300 8570
181 11
181 61
300 7020
300 6880
117 91
84 31
201 81
300 4100
300 350
300 8320
55 61
300 5840
300 7890
300 4020
300 8750
121 21
300 4620
80 91
242 51
222 5028
193 91
300 3640
58 71
25 51
237 51
89 21
204 81
300 4330
39 155
188 71
61 1
196 41
215 1
22 11
144 51
300 5790
201 11
56 61
111 11
259 1
190 31
259 41
235 41
92 31
300 5830
205 1
258 6792
151 51
186 51
233 71
300 6980
165 1
285 61
300 330
109 1
300 580
273 41
221 4983
86 754
43 188
300 5420
59 61
108 21
110 1234
263 71
48 11
46 51
300 8700
89 31
300 8940
121 51
253 41
300 8640
285 11
98 31
212 11
25 11
300 4220
300 8310
300 5610
296 1
202 81
226 91
114 31
184 71
278 41
214 11
300 5880
300 660
270 1
142 81
300 6610
188 1
300 2120
292 31
217 21
268 11
300 1540
300 3980
102 91
62 11
160 1
88 91
213 31
300 7980
29 71
300 8290
49 245
300 8060
136 81
250 91
166 51
300 6000
169 21
218 81
134 41
263 91
246 6175
300 1050
180 71
161 51
300 6740
271 51
172 31
81 669
69 51
300 7520
274 7660
123 71
191 91
300 3320
300 1080
200 81
240 21
290 81
233 31
156 31
66 444
300 6810
44 71
145 11
172 51
283 8172
266 61
104 71
40 1
224 71
13 1
229 61
208 31
276 1
300 7860
65 61
300 1510
88 71
300 11
300 270
77 1
51 31
228 41
226 61
300 1610
82 1
196 1
106 11
181 81
262 91
33 111
237 81
247 1
201 91
158 31
97 1
21 11
235 5635
255 81
300 3370
155 2451
296 91
34 61
226 51
234 11
300 1630
300 5100
142 31
113 21
300 6600
300 2870
64 21
62 31
115 91
131 61
300 2780
217 71
156 2483
300 4910
300 1970
300 2290
99 91
94 41
267 41
126 61
149 91
52 71
195 3880
76 1
191 11
77 71
255 71
284 31
43 91
220 1
76 11
259 11
178 41
160 71
137 61
300 5870
300 2490
300 6360
95 61
219 61
141 41
293 1
83 702
18 1
133 1
37 51
94 91
42 51
107 61
132 21
196 71
98 51
273 71
61 51
300 2430
120 51
239 5828
218 11
254 41
291 11
70 81
197 51
144 21
236 5683
111 1
300 1490
60 1
245 71
86 61
253 1
54 41
131 41
300 6370
300 3790
25 1
210 11
41 21
178 51
25 61
55 81
267 81
249 31
198 51
300 4130
112 11
300 2160
96 31
130 31
285 21
287 31
58 11
223 11
113 1
152 41
249 6326
158 61
251 1
118 31
28 31
121 1493
139 1
300 4550
300 3090
173 61
239 21
68 51
290 1
283 91
300 2310
33 31
258 51
37 21
195 81
136 51
75 61
175 21
84 11
152 31
210 1
300 4940
172 71
300 3400
236 31
280 41
111 91
296 51
300 9100
52 21
67 1
67 21
58 41
197 21
300 6420
163 21
229 31
148 71
279 71
103 11
288 91
300 1860
73 31
291 31
300 8910
43 71
31 81
193 31
300 8490
293 91
300 6870
141 21
300 4040
74 558
300 7010
212 4586
270 21
85 91
66 11
300 5650
209 11
300 1260
192 51
282 91
284 1
149 81
175 11
86 21
183 3417
300 670
196 61
96 91
300 4250
297 11
112 51
69 61
300 3290
300 5520
26 51
55 1
169 61
215 91
221 81
300 1770
75 41
38 81
300 3340
107 71
287 71
300 6220
269 41
300 7750
206 51
277 21
89 11
221 1
71 1
227 21
84 21
204 1
24 31
300 160
206 1
300 2960
300 4610
222 91
213 81
187 21
300 4850
135 31
206 11
252 91
80 31
109 21
300 3780
32 61
270 31
174 81
300 1070
224 31
268 51
165 71
300 5210
88 1
143 81
300 5590
299 51
300 2070
243 11
246 61
194 51
155 21
300 2650
285 91
300 4030
60 91
300 1420
47 31
33 71
243 51
300 5470
201 41
300 2480
131 31
300 9030
97 81
235 31
80 81
7 1
300 8360
300 3800
272 81
217 61
216 61
231 41
300 8510
138 21
300 780
173 31
133 11
300 6920
63 81
47 81
52 81
272 61
300 7090
180 21
148 11
121 81
160 91
203 4205
83 11
300 1010
230 61
150 61
96 61
37 91
123 51
130 1
66 21
300 1760
24 11
236 11
300 6130
249 71
44 21
218 31
112 1280
300 2350
238 41
300 2520
300 7080
121 41
235 51
86 81
255 21
147 21
300 7680
300 5000
127 1
74 81
274 61
270 81
257 51
234 41
275 7716
29 11
166 81
211 51
300 230
43 51
300 6790
179 3269
232 51
300 6580
300 1870
163 71
97 21
276 61
34 31
193 61
60 51
119 11
235 1
300 6340
85 1
249 11
300 9050
57 21
30 31
72 31
300 8730
300 6080
109 41
48 31
79 31
254 6583
150 11
44 91
300 3850
61 11
115 51
252 1
111 71
123 1
282 41
87 11
237 71
269 31
300 7930
300 4180
224 1
233 41
300 8990
230 21
229 11
230 51
300 7570
43 31
85 51
233 1
300 6070
206 4330
47 41
176 21
38 31
282 8114
106 61
240 31
240 81
219 11
141 1
300 7310
170 31
300 5300
300 2410
300 940
104 91
136 91
228 91
286 8346
216 81
300 4920
92 81
210 61
300 7460
300 3860
300 3170
279 31
22 1
38 147
89 61
44 81
45 61
88 61
300 7050
23 11
132 41
158 51
228 21
300 700
105 91
300 3690
98 980
184 11
117 1
216 91
97 51
246 1
278 11
300 3000
286 41
300 690
43 1
85 31
300 4470
246 41
300 8000
42 41
79 51
93 21
298 11
126 21
208 61
151 11
300 2770
51 71
191 71
84 720
87 61
300 3560
194 1
179 61
300 7420
59 41
141 71
300 1290
300 3580
268 81
252 51
300 7480
300 4700
197 71
53 286
136 61
60 31
213 51
64 31
118 61
43 41
72 91
136 1887
264 7111
118 71
260 31
219 1
276 81
212 51
300 2950
122 61
300 5250
299 11
159 11
138 81
114 1
281 91
49 91
150 71
300 5190
34 1
300 2300
104 61
180 81
111 51
60 71
135 1859
121 91
222 11
229 1
175 71
105 71
300 8550
300 4810
188 3606
300 51
203 81
300 1150
167 41
210 71
74 91
300 5770
300 810
14 11
124 61
300 1360
281 51
229 21
286 51
300 3490
300 6270
242 1
195 51
129 51
97 91
161 11
158 91
243 91
252 11
259 81
277 7829
300 9183
300 8630
300 1470
112 81
216 11
283 41
132 71
209 41
173 91
154 41
300 480
255 91
300 6510
283 51
33 41
219 21
18 31
166 21
300 4430
300 1160
74 1
45 91
164 51
300 6200
21 41
300 7660
300 920
117 81
146 41
170 2948
153 81
44 31
40 31
77 21
206 61
300 6400
300 1250
124 1568
117 11
235 21
79 636
50 51
198 41
248 81
163 1
220 21
158 1
176 3160
300 6190
48 61
27 51
174 1
252 71
29 21
32 91
233 11
123 61
300 3660
255 6635
300 2270
34 41
80 71
220 91
71 31
110 61
181 3342
55 91
300 1300
9 1
280 51
232 61
156 91
30 51
64 81
300 3900
58 51
198 21
300 6680
54 31
229 41
116 91
300 870
28 61
218 71
167 2845
183 51
198 91
300 71
292 81
39 81
91 11
79 91
38 1
300 3600
169 71
54 61
300 3670
237 5731
102 1061
300 8540
300 1410
81 71
220 81
300 2150
300 470
50 41
300 3440
103 21
135 1
287 51
106 21
259 91
105 41
30 21
300 8430
162 31
154 71
28 11
300 7540
64 417
93 51
182 61
250 51
74 41
298 81
66 71
265 21
300 8180
118 81
218 41
232 1
202 91
251 21
297 1
103 71
207 11
247 11
37 31
