3988
85 51
226 5211
229 71
172 11
248 51
287 11
269 61
122 81
92 51
300 5930
300 6470
115 81
263 1
102 21
157 41
243 11
100 1
204 81
300 4730
137 41
290 31
211 61
221 4983
116 1373
300 7070
150 91
260 71
194 61
162 71
300 6440
286 71
91 81
233 41
151 1
38 21
300 1830
102 41
293 31
300 6580
127 1645
300 7130
257 71
274 7660
78 1
185 21
96 41
242 51
300 1270
189 81
201 4122
300 1300
231 1
300 7420
280 1
83 702
119 41
300 4400
78 71
202 51
198 71
150 41
271 71
300 3080
300 6000
203 61
289 8522
250 41
131 71
275 81
151 71
201 81
92 31
300 3140
85 1
223 51
67 71
192 1
300 4990
253 1
92 21
163 11
59 91
162 81
300 5340
148 71
17 11
168 1
129 31
138 21
300 1820
31 31
26 1
84 720
65 1
300 4260
66 61
249 1
165 61
79 31
129 91
228 61
185 81
26 11
97 81
135 31
83 71
213 91
114 31
157 31
183 81
259 81
148 21
31 21
224 61
56 1
137 91
245 6125
109 31
117 21
264 41
300 320
48 51
139 61
183 3417
43 81
300 2390
46 31
158 31
300 2820
145 91
106 1146
195 11
120 81
293 41
138 11
211 11
230 41
14 1
79 11
142 11
51 71
255 6635
29 81
80 1
35 11
28 31
73 71
71 514
99 1
113 71
104 41
68 471
117 1
202 41
184 51
86 51
53 91
146 31
300 9030
32 61
220 4938
80 71
186 81
96 31
300 5310
300 360
39 61
186 61
61 81
138 1943
78 31
177 11
300 6930
68 41
134 11
108 51
203 11
300 2980
192 51
300 3280
234 51
300 950
283 61
300 400
106 61
300 1680
133 1
175 11
300 2330
193 3800
44 197
285 91
268 91
300 8440
300 8290
300 5230
300 5610
107 1168
86 41
207 51
196 31
192 3761
214 4673
278 41
95 51
300 7490
300 8090
300 170
150 31
243 61
179 11
300 8360
157 51
233 81
241 61
260 21
232 51
211 4542
162 1
286 91
227 1
107 11
196 1
300 5470
300 6450
218 71
103 31
37 91
64 1
284 81
24 41
300 1240
252 91
62 1
105 41
300 610
128 61
300 6700
168 31
159 31
114 71
168 61
105 1125
68 51
160 41
173 91
57 21
175 3125
149 71
300 4700
188 41
96 21
189 31
251 1
300 850
300 770
300 7250
300 3130
145 71
274 41
170 71
199 81
182 11
300 7030
300 7460
300 2830
155 1
120 61
86 31
300 7950
47 51
73 11
124 11
300 560
118 51
163 91
13 1
138 41
300 2740
26 61
300 1340
165 81
56 21
31 1
177 71
253 71
231 61
300 8630
123 31
271 61
140 71
300 4970
193 41
247 71
22 41
151 81
52 41
152 81
300 2220
300 980
300 3570
259 71
286 11
155 91
207 91
237 5731
74 1
60 1
36 81
300 4300
98 490
300 7380
229 31
68 31
234 31
269 11
32 41
34 11
159 11
49 81
39 71
300 5110
140 21
109 51
156 61
300 4740
111 91
220 1
300 91
116 81
42 180
60 11
123 71
62 41
298 91
212 91
41 31
264 91
69 51
291 51
300 5140
97 960
300 7670
87 51
158 41
225 61
23 31
276 7773
130 11
88 11
300 7060
300 1480
75 71
187 11
168 11
237 81
262 81
42 51
203 31
85 31
291 21
297 61
273 31
136 81
300 5520
8 1
300 6910
41 81
300 6800
285 71
113 11
42 41
192 71
300 7080
300 490
4 1
123 21
167 21
300 31
300 6330
71 1
300 5500
41 171
300 1730
196 3920
205 61
295 11
105 61
274 11
197 21
99 31
65 81
86 71
95 91
83 81
123 11
127 51
60 31
300 5360
215 31
300 3790
267 11
61 71
220 91
267 51
300 6110
89 91
130 41
279 41
5 1
221 61
151 2326
180 81
134 71
236 71
45 11
282 21
285 81
79 61
50 41
300 9120
113 21
222 41
219 41
251 71
32 11
270 21
174 3089
142 2057
300 480
74 41
300 8480
110 21
300 2200
300 5960
138 61
132 1
102 1061
300 9070
282 41
300 8170
42 11
202 71
198 51
59 31
300 8240
94 81
193 71
205 51
90 31
194 31
25 11
241 41
242 1
193 11
255 1
300 7200
11 1
70 11
235 21
300 140
256 61
237 1
98 11
269 71
143 31
204 91
213 21
67 11
300 6920
198 4000
187 1
133 41
300 2490
110 91
300 2170
36 71
300 2780
137 71
240 51
300 2860
103 81
300 6710
210 81
98 91
300 3750
295 1
52 275
270 61
102 11
300 4780
209 21
164 11
58 343
139 81
41 41
162 41
84 31
300 7860
241 1
133 71
223 61
300 8660
74 51
300 11
229 91
71 31
38 91
263 91
219 61
197 41
178 1
300 7920
192 31
66 71
71 51
300 4670
300 580
285 41
300 5430
300 3760
265 7165
132 11
127 41
112 11
188 31
266 91
91 31
264 7111
169 51
300 4380
300 9170
149 21
300 2610
62 81
300 8830
300 4230
74 31
158 61
276 61
178 3233
88 41
300 7360
121 11
300 8050
300 8800
300 660
147 2205
188 51
80 653
220 21
48 91
52 51
300 4800
35 41
136 41
300 5200
127 31
259 21
300 3670
102 51
286 41
300 1370
277 1
100 81
49 1
300 2590
224 11
35 71
172 41
158 81
162 2677
70 61
201 71
249 31
300 2600
247 1
57 71
113 61
271 41
270 7438
291 1
82 31
300 4870
128 31
300 2160
240 41
261 91
208 31
121 81
162 21
239 11
300 4360
197 91
168 2880
202 81
281 81
195 31
32 31
300 310
187 31
300 5400
170 31
215 71
79 51
292 11
111 51
97 21
300 5300
151 11
300 2180
34 21
143 1
228 71
300 1930
300 510
114 51
208 41
291 91
29 71
133 21
181 41
146 91
300 2960
112 1280
190 61
212 41
36 31
91 61
300 4480
300 6870
136 1887
300 4350
140 61
7 1
300 1050
232 11
190 31
279 81
98 81
59 355
300 1990
195 3880
100 51
290 51
68 61
300 8210
300 2090
152 51
79 636
300 6660
190 11
144 21
199 11
225 51
300 8680
162 11
135 61
66 81
300 5910
72 91
94 11
103 1082
272 7549
114 11
63 81
181 31
300 710
300 3590
164 2744
300 6860
300 1800
300 2400
251 81
42 1
65 91
207 21
247 81
84 1
101 41
155 31
218 81
37 31
170 81
202 91
300 4530
188 71
217 51
265 11
121 1
300 8570
232 61
300 3900
188 1
300 2270
300 1250
203 1
256 51
289 31
129 51
300 6620
300 820
75 573
300 8320
143 71
124 21
300 2910
261 6951
144 11
169 81
298 9061
210 91
130 21
99 11
298 71
291 41
266 31
222 81
299 61
90 81
217 61
300 6430
300 3480
249 61
237 21
300 4450
164 61
31 11
300 4570
121 21
77 1
63 51
184 31
206 61
292 8700
284 1
27 41
107 21
46 21
300 1920
300 5100
150 81
36 91
238 81
300 4430
284 21
180 61
209 51
300 5270
300 8620
106 51
53 1
300 3680
227 91
300 8340
300 720
182 71
300 71
300 2500
300 4240
216 71
163 61
285 51
236 1
283 31
162 51
282 61
246 71
275 41
108 1
210 41
190 1
134 1
240 21
287 61
143 91
130 81
169 91
227 71
157 91
214 71
160 61
117 41
300 5130
251 31
111 21
283 21
184 81
300 8950
96 51
300 690
208 71
300 5170
222 5028
89 61
249 11
102 61
198 31
280 91
181 61
189 21
222 51
217 11
201 51
223 1
139 51
46 71
146 71
91 91
123 81
213 61
229 5351
140 41
300 7630
300 7010
300 3880
200 4081
300 8610
77 61
179 61
300 5980
300 7710
149 31
300 6550
40 1
18 1
300 3890
75 81
300 7900
225 31
96 940
199 21
300 3770
205 21
219 71
81 41
249 41
104 81
77 41
141 1
224 81
262 91
110 71
15 11
152 2357
78 620
210 1
50 81
198 61
300 3540
213 1
279 51
181 81
28 11
299 91
254 61
21 1
30 31
268 31
300 8190
300 1510
300 590
199 41
236 91
300 1950
256 1
179 3269
84 61
55 41
70 500
264 61
46 215
149 91
150 21
54 11
300 8020
300 7830
32 104
258 81
80 31
194 1
219 21
259 11
58 41
182 21
212 4586
104 21
281 71
300 1760
161 61
300 870
121 71
39 1
45 41
300 2890
62 392
19 31
254 81
166 1
90 41
174 71
300 8350
173 51
300 4030
246 21
240 1
271 11
300 7650
117 1396
23 1
146 81
78 41
300 380
236 11
44 41
33 1
300 130
50 91
282 51
239 1
190 81
300 5320
300 4470
107 61
238 41
271 7493
300 6220
94 31
300 7740
153 71
67 81
122 1518
67 61
252 41
300 6640
193 21
88 51
53 31
56 81
61 41
270 31
300 5900
300 4210
193 51
75 21
189 41
225 11
227 21
81 669
297 31
25 31
274 91
40 31
69 485
228 1
300 7700
188 11
210 61
300 7400
300 3330
300 7840
49 61
300 3020
50 51
63 21
228 21
93 11
168 81
47 21
50 11
120 91
102 91
158 51
300 7390
300 3370
278 61
201 41
152 21
267 41
300 5070
131 21
300 4140
260 1
92 81
163 71
300 6530
300 8600
20 31
274 61
220 41
131 41
182 91
218 41
179 1
300 4410
273 71
262 1
91 51
188 3606
300 6500
146 51
138 51
51 81
57 81
300 4180
262 21
300 1850
288 1
47 81
84 81
290 21
300 3430
300 9160
194 81
160 51
108 1190
42 91
152 41
85 71
282 8114
165 21
300 7760
238 21
116 91
226 1
125 51
300 5390
293 1
300 3910
130 31
96 81
120 1469
273 7605
203 91
178 21
282 1
300 2470
275 11
300 1070
98 21
300 4660
288 31
105 21
261 21
212 71
300 7180
119 11
213 31
37 61
39 51
157 71
289 91
188 61
176 71
300 2700
226 51
300 4130
191 11
252 6480
300 8840
203 71
76 1
62 51
44 1
244 41
143 41
277 61
300 1840
277 91
240 5877
53 11
205 1
127 71
200 31
186 31
149 2265
161 91
300 5380
172 21
300 6100
94 51
300 3250
300 920
132 31
53 81
300 5490
236 21
300 670
176 1
250 61
300 3950
96 61
300 8900
56 11
177 81
55 71
33 31
300 5290
169 21
55 51
263 21
23 11
69 1
172 31
194 91
238 11
300 2680
300 7300
90 51
100 1020
260 11
25 21
156 11
278 7886
285 1
116 71
53 51
197 71
242 91
41 51
284 71
204 11
300 2730
260 6897
298 11
250 31
300 680
186 3530
38 147
300 780
80 11
154 71
33 41
300 4840
126 61
118 71
40 41
116 51
145 51
278 11
259 6845
300 7050
296 91
150 61
300 4160
203 51
145 81
173 31
300 700
219 31
200 1
181 91
132 41
107 71
246 81
300 41
90 11
300 2050
99 71
278 71
126 31
229 51
110 41
234 61
170 41
46 61
51 265
244 81
197 1
236 41
157 1
34 41
236 81
237 41
29 1
282 81
285 21
160 21
37 51
126 11
242 5975
31 51
300 5460
148 41
281 51
26 31
278 1
300 5150
225 91
300 6170
61 21
274 21
258 1
97 51
91 21
248 81
300 1740
300 1570
141 21
98 980
300 6740
300 6600
107 31
49 51
300 6030
300 5250
194 51
15 1
300 3390
169 11
300 1470
300 6950
300 4150
300 430
164 21
300 6150
24 21
273 1
300 3240
300 4550
125 71
93 71
135 1
201 11
300 4000
253 6531
300 1310
300 8890
300 6940
187 41
300 8450
160 31
300 5220
166 71
76 71
300 6420
213 51
265 41
171 41
126 21
134 41
12 11
40 81
300 7290
151 51
53 286
235 31
300 2940
219 11
244 71
253 31
300 540
300 6980
300 3340
260 61
154 31
300 3520
284 41
43 21
184 1
128 71
300 640
132 51
175 1
92 91
300 7930
159 51
300 910
300 410
300 2210
200 41
61 11
300 6760
300 3470
300 890
280 61
112 81
300 3270
300 5860
300 3930
300 5040
300 8880
222 21
300 6200
300 5780
97 61
93 41
272 31
79 21
300 3630
108 41
91 1
90 1
191 61
159 21
43 1
81 51
136 21
297 91
114 61
170 1
174 51
268 1
223 41
197 11
208 51
300 3460
32 21
300 4540
300 7090
182 31
300 6720
89 31
185 61
175 31
77 51
85 21
300 5810
300 9080
125 21
300 2560
300 100
145 2145
144 1
300 5540
268 61
71 81
180 41
300 6060
264 21
300 3450
56 51
249 21
68 81
289 51
159 1
235 5635
221 21
125 41
156 41
254 41
85 11
300 1450
300 4080
95 71
166 91
300 550
300 7640
220 71
153 31
209 91
300 5450
154 41
241 51
300 8030
66 444
275 7716
110 31
287 71
252 21
106 91
231 11
266 1
261 31
27 71
257 6739
100 91
300 2760
73 21
300 300
119 1445
130 1
256 6687
174 1
67 91
152 11
147 91
110 11
300 1000
44 71
68 21
300 7720
98 1
171 51
118 31
73 81
298 81
78 51
210 51
93 21
37 139
279 7942
292 91
69 91
142 51
300 8590
135 91
49 71
300 4610
300 7330
176 21
259 61
300 7280
300 6670
221 81
151 31
300 2950
54 61
120 11
190 41
300 1810
39 81
94 901
76 81
300 1980
175 91
163 51
192 61
255 21
136 11
212 51
184 91
289 1
209 1
300 2570
99 51
238 31
185 11
300 4490
296 51
300 5760
248 11
300 8960
92 863
198 21
260 81
81 21
300 3050
59 41
62 11
235 71
300 8550
300 7960
167 91
39 155
67 458
261 1
300 8010
166 81
119 61
61 31
300 7770
300 5090
43 91
226 31
266 41
273 41
235 91
272 1
279 31
146 11
209 81
253 81
258 31
167 1
135 51
300 9060
191 71
75 31
300 8470
300 6120
299 81
58 1
126 91
300 2150
181 71
56 61
247 11
143 2086
206 21
223 91
300 260
286 1
300 6130
261 51
279 71
63 11
261 41
155 71
221 11
300 1390
95 41
178 41
67 21
64 51
42 31
162 31
300 2320
189 71
59 81
300 4580
297 9000
300 5020
95 61
251 41
300 7940
149 51
30 11
120 31
194 21
199 51
155 2451
300 7370
115 1
209 41
297 81
284 8230
300 4520
239 81
122 31
60 367
300 2310
88 81
292 21
149 11
300 7230
300 6690
75 11
226 21
216 91
217 21
300 1180
232 41
300 840
18 31
56 91
137 81
129 71
72 71
186 41
30 81
300 1380
163 31
247 31
127 81
300 7470
50 31
197 81
174 81
154 91
181 11
148 1
244 21
51 21
292 71
193 61
220 31
215 1
166 61
233 5539
74 71
300 6050
290 71
300 8980
300 2440
221 71
300 1150
276 11
134 91
63 405
294 81
300 5440
207 71
245 71
254 91
300 2840
138 71
298 21
272 91
300 8220
238 71
300 2250
78 91
49 21
180 31
300 2350
201 21
190 51
180 11
300 2000
300 8000
110 81
300 5010
65 71
136 31
300 7410
186 11
226 81
173 3053
300 9050
138 1
49 91
276 41
57 11
300 3970
137 51
180 1
300 4170
107 81
217 41
128 41
300 3360
172 91
153 61
300 750
207 11
45 71
65 61
107 41
64 71
155 21
214 91
113 1302
222 1
165 41
87 772
269 7383
168 21
88 71
86 11
300 2540
257 81
256 81
108 91
249 71
115 31
10 1
300 4720
55 31
260 51
197 61
92 61
279 91
171 2983
300 1040
300 570
248 41
300 3070
165 51
41 11
300 4790
300 4560
289 11
300 1600
161 21
276 1
274 51
180 71
246 91
179 51
232 21
300 8140
150 1
233 91
300 1590
47 91
71 71
185 71
89 41
78 81
129 1698
255 91
214 1
300 8740
277 41
202 11
214 31
140 1
300 21
90 71
124 61
300 2670
75 1
128 51
40 163
22 31
177 3196
277 51
224 5120
158 91
248 6275
258 6792
36 41
78 11
33 91
140 91
300 4280
300 4810
137 1915
39 91
103 71
300 3510
112 71
248 31
300 3320
186 91
267 7274
155 61
300 7910
129 1
300 7120
193 81
129 41
300 3110
300 6960
101 71
99 61
72 528
258 11
73 61
242 71
300 8150
230 11
105 51
122 51
300 8260
215 11
90 91
74 81
154 11
161 11
160 91
46 41
109 21
282 31
271 51
23 41
300 1610
261 11
300 4330
300 8310
268 11
87 81
89 71
156 71
28 61
147 41
81 91
252 11
136 91
300 2750
300 7880
28 51
195 51
108 71
300 5940
300 2660
176 3160
129 11
300 8040
104 61
236 31
240 71
278 31
300 3800
149 61
300 5050
100 41
140 81
300 2240
219 1
48 61
231 31
300 7340
88 61
196 81
99 41
155 51
243 41
294 91
300 5570
300 8990
300 61
271 21
300 4820
217 31
131 1751
277 31
249 81
163 1
224 91
300 8870
121 91
58 31
114 1
273 21
208 81
29 51
235 11
300 270
20 11
300 650
25 1
144 41
80 81
175 41
170 2948
89 1
104 51
60 61
46 51
200 81
300 1620
206 41
194 11
79 1
300 530
236 61
300 2140
300 3290
300 6290
72 41
157 21
83 31
104 1
171 21
222 11
167 51
126 71
234 41
240 11
216 31
34 91
287 91
300 4950
148 2235
48 81
300 4020
209 11
86 754
30 41
258 51
54 81
300 6350
222 31
276 51
300 4320
67 1
118 1
33 111
198 1
151 41
45 81
300 630
300 1710
87 91
300 7170
300 5770
300 2520
300 8730
173 71
150 2295
300 8200
300 1260
300 4070
300 4440
300 2130
280 21
161 51
300 7320
300 930
187 3568
280 51
300 1350
229 81
213 41
81 31
262 41
159 81
16 1
300 1540
300 3960
182 41
216 41
300 6680
300 240
21 41
256 21
245 51
300 3620
300 3380
51 91
234 21
51 41
300 1320
166 31
300 7780
126 1620
160 1
300 6280
300 8780
156 2483
216 51
164 31
272 11
82 11
39 21
17 21
300 5870
147 1
257 91
181 21
296 8940
241 11
300 4940
111 31
296 41
68 71
300 6080
300 6850
96 91
136 51
51 1
224 21
233 21
87 31
102 81
155 11
219 81
160 81
234 71
300 6230
125 1
117 81
300 9130
64 81
24 1
95 1
112 41
98 41
108 81
43 41
300 6840
223 31
267 61
285 61
111 41
25 61
243 21
106 21
239 61
300 1280
300 8070
44 21
255 51
300 1010
285 31
288 8463
300 4850
95 31
283 91
118 41
300 2640
300 3420
300 3730
36 132
171 61
57 31
265 51
64 21
300 210
63 61
51 51
289 71
33 51
195 71
104 1103
94 61
193 1
61 91
300 1500
116 21
300 5530
300 2230
268 21
29 61
269 91
286 81
184 3454
238 51
216 4760
300 3500
212 1
294 71
300 1960
80 21
300 8810
300 1720
228 41
87 11
26 41
27 61
290 41
300 440
166 21
203 21
235 81
76 41
250 91
144 81
125 1594
209 61
300 3030
258 91
284 51
126 81
134 51
181 1
200 91
300 9090
139 1
262 71
282 71
263 11
300 5680
89 11
300 8400
300 1780
155 81
300 9000
215 51
144 61
27 11
53 21
230 51
123 1
136 71
41 61
135 1859
69 11
229 21
300 1650
300 7350
185 51
82 51
87 71
109 81
300 7680
300 3180
94 71
187 61
246 41
251 51
300 8270
81 1
300 4340
245 41
276 81
120 71
295 41
272 41
102 1
300 3580
279 11
95 11
177 91
281 41
262 11
278 81
300 1870
173 11
230 5397
253 91
147 21
300 3120
29 41
300 6820
300 8130
32 51
166 51
300 5350
51 61
213 4629
244 51
57 91
255 61
235 61
296 31
300 51
45 21
300 6590
192 21
97 31
62 71
300 1140
215 41
280 81
112 61
195 81
131 1
300 3700
260 91
150 71
38 11
300 7620
300 8790
69 61
300 2880
87 1
300 9010
296 71
300 2450
47 61
85 61
300 2080
170 61
27 1
183 31
243 51
40 91
300 3940
220 51
225 41
300 2630
294 31
254 6583
133 91
300 3100
52 1
245 81
275 71
148 81
278 21
94 91
45 91
154 61
37 21
174 21
270 41
142 91
282 11
36 11
215 61
274 1
230 1
175 21
118 1420
300 3990
300 2510
300 6770
165 2778
178 51
164 1
229 61
191 1
131 11
300 5420
191 31
224 51
242 41
51 11
100 71
82 21
300 2300
47 1
66 91
171 91
297 41
210 71
271 1
300 340
219 4893
245 1
32 81
213 71
103 51
141 91
259 51
300 4770
62 31
300 7970
268 51
175 61
300 8370
34 117
248 91
185 41
207 81
112 31
262 61
69 71
300 4200
299 1234
43 11
123 51
300 7730
59 51
300 7750
300 8940
187 91
83 1
30 51
25 41
48 235
94 21
125 91
239 51
19 1
60 21
101 21
142 31
47 31
103 61
207 61
300 6180
132 91
300 4110
212 81
300 2530
143 11
202 61
86 1
230 21
227 61
267 81
123 41
300 8640
300 3650
289 21
153 11
297 21
85 81
66 51
184 71
207 41
257 11
300 7160
91 11
153 2388
156 51
300 2060
294 8820
43 188
187 81
136 61
138 31
293 91
144 91
300 7850
300 6070
252 61
202 21
300 3820
300 7310
24 51
299 11
140 2000
300 8760
191 21
283 11
122 1
300 3170
300 5330
180 91
270 11
42 61
300 4830
300 350
20 21
267 21
117 51
300 1460
300 5690
240 81
120 51
212 11
91 71
110 61
300 1530
256 11
75 51
300 4120
44 61
102 71
257 31
50 21
85 91
183 51
300 5790
211 71
114 1326
264 1
300 5990
237 31
89 51
300 6160
226 11
300 5600
56 71
113 51
300 5240
157 11
35 81
59 61
70 71
45 206
225 5165
257 21
17 1
268 71
65 21
276 91
300 8410
300 200
247 91
172 81
148 61
52 31
227 5258
238 61
77 81
243 1
66 31
262 31
300 760
43 61
33 71
139 21
235 51
221 31
44 11
238 5780
298 41
231 91
292 51
217 4805
122 71
237 51
78 61
22 21
66 21
84 91
300 3010
300 2580
300 4310
300 5580
300 5750
232 81
232 5492
283 1
300 3260
236 51
226 91
31 91
207 31
78 21
300 8330
213 81
208 11
300 4390
42 81
210 4500
129 81
162 61
275 21
299 31
60 71
161 81
61 379
300 370
270 91
200 11
300 2360
184 11
300 830
265 31
213 11
228 81
216 11
76 61
300 6510
98 61
126 41
277 71
70 81
176 81
300 2870
260 31
141 61
223 81
300 4630
231 21
128 21
220 61
262 51
205 11
215 4716
145 1
300 2070
147 11
169 41
37 81
58 91
295 71
118 21
261 81
39 41
83 41
250 6377
300 1750
140 51
206 71
229 1
300 6390
65 431
53 41
221 41
195 61
109 11
266 61
45 31
101 81
258 61
143 81
274 81
300 880
263 61
170 51
195 1
25 51
77 605
233 11
300 7240
283 71
118 11
178 91
188 21
151 91
164 81
24 31
145 31
154 21
144 51
47 11
113 91
109 41
146 61
35 1
300 600
164 71
300 6260
207 4372
300 2990
300 3780
245 61
59 71
133 81
280 11
300 7820
286 51
300 990
134 81
300 4090
185 3492
70 1
300 3720
295 51
183 1
206 91
177 61
194 71
300 5080
137 31
179 91
115 71
180 51
300 620
289 41
300 4900
300 2920
19 21
34 51
254 31
88 21
163 21
64 417
280 31
266 81
22 11
86 21
121 1493
35 125
263 71
300 6360
151 61
44 81
159 2579
227 81
110 1234
90 21
145 11
255 81
299 1
300 5410
140 31
177 31
94 41
86 91
300 4750
211 91
30 61
300 8710
300 3870
227 41
103 1
300 7430
300 1970
300 1440
113 31
291 11
34 81
204 51
300 5190
209 71
156 1
300 8230
284 11
245 11
300 5030
300 5740
89 808
143 51
65 11
219 51
300 8820
270 51
142 41
181 51
141 31
124 51
174 31
300 4510
171 71
223 21
300 6780
43 71
300 1580
145 21
82 686
83 91
230 91
300 3400
220 81
178 11
111 1257
47 225
164 91
139 31
72 61
62 21
300 8690
73 543
205 4288
300 6630
300 2460
38 41
300 2290
300 3690
300 1770
93 882
300 810
35 61
38 61
300 5620
97 1
295 81
91 41
295 8880
131 81
159 41
202 31
12 1
300 7890
28 41
148 31
300 8510
127 21
149 1
73 91
204 4246
102 31
300 5160
90 61
214 41
83 11
196 41
86 81
300 7580
300 1700
273 61
300 250
182 1
126 51
300 8380
268 41
290 11
300 1560
133 31
119 21
103 41
300 8120
27 51
200 51
130 61
244 11
264 11
188 81
56 31
34 61
264 71
203 81
54 21
18 11
300 8300
173 21
292 81
128 11
171 11
27 31
86 61
280 71
49 31
43 31
204 71
300 1190
52 91
299 41
114 91
300 1910
300 7610
63 91
300 1030
218 4849
300 800
275 31
294 51
57 331
292 61
137 11
237 11
173 81
211 31
300 1660
48 41
84 21
92 11
300 1420
149 41
300 7480
272 51
300 7980
300 7210
50 61
118 81
147 81
290 61
300 220
300 7520
124 31
169 61
300 8720
230 61
99 91
300 160
300 1900
232 71
96 1
293 81
158 11
147 31
118 61
109 61
99 81
230 81
300 2040
241 31
106 11
152 71
115 11
290 1
186 51
201 1
139 91
48 11
300 5920
165 71
218 91
152 1
80 91
137 21
277 21
89 81
270 81
114 21
24 11
170 21
77 71
184 41
300 960
300 8700
47 71
108 11
221 91
183 11
145 41
247 51
250 1
66 41
29 31
300 6380
53 71
46 11
229 11
153 21
201 91
199 1
201 31
287 81
212 21
300 8750
248 1
300 7020
288 41
298 51
297 1
57 41
174 91
69 81
300 4250
94 1
152 91
252 51
262 7004
250 51
300 6830
175 71
32 71
150 11
186 1
211 1
300 1940
300 7570
300 180
167 71
9 1
124 41
115 61
161 2645
300 7450
166 2811
300 1360
300 5660
300 7040
248 71
64 61
163 81
204 21
146 41
300 2190
300 5890
182 3380
176 11
300 4100
41 71
187 71
218 51
89 21
300 2370
97 91
85 41
206 11
234 91
300 3210
246 61
300 8390
68 11
296 11
300 3560
97 11
246 31
153 81
54 31
165 91
171 81
55 1
300 5560
300 2900
300 7220
300 6750
300 4620
70 51
234 11
142 1
228 91
300 3150
200 61
84 11
235 1
52 81
289 81
81 61
204 31
288 11
300 4920
300 5970
218 31
266 21
157 61
176 41
210 31
178 81
112 91
223 5074
124 81
196 61
191 51
300 4650
55 21
58 11
300 1410
254 71
249 51
54 51
208 1
300 3530
300 2710
143 61
117 71
300 5840
29 21
119 81
300 6240
217 1
150 51
300 3810
95 81
82 91
298 61
294 41
44 51
56 320
300 2100
186 71
233 1
293 51
195 21
193 91
227 11
300 5820
254 21
260 41
214 81
300 6610
245 21
52 61
210 21
300 4060
38 81
81 71
54 1
300 8110
121 51
70 31
81 81
82 1
28 71
72 21
270 71
300 7000
61 51
197 3960
300 2970
300 4910
212 61
116 61
300 6650
300 5280
300 7140
225 81
250 81
300 3740
256 71
269 41
18 21
295 91
26 51
36 51
300 8250
288 21
300 1130
211 21
113 81
103 21
123 1543
96 71
300 1690
54 71
244 61
208 4414
124 91
219 91
175 81
133 51
153 41
190 71
235 41
244 1
194 3840
63 1
242 61
300 2620
198 41
300 3000
48 71
300 150
168 51
159 61
300 3850
300 4590
129 61
120 21
63 41
106 71
255 31
83 21
248 21
154 1
257 41
133 11
143 21
217 81
165 1
61 1
281 61
253 11
40 11
300 8920
71 61
300 7600
258 71
300 8670
111 11
57 1
125 81
58 21
276 31
214 51
124 71
33 11
300 390
204 41
99 1000
259 31
130 51
105 91
274 31
296 61
6 1
72 1
103 11
141 81
296 21
283 51
300 8580
300 4860
270 1
112 51
300 3550
287 31
174 61
206 31
122 11
218 21
249 91
205 71
41 1
134 61
169 71
88 31
179 21
300 1110
201 61
300 1640
30 71
267 31
131 51
158 1
76 31
175 51
279 61
100 11
64 11
293 71
264 31
300 7530
49 41
180 3306
300 4190
291 71
228 51
203 41
225 21
198 91
243 6025
300 5630
107 91
130 1724
214 11
300 1170
42 21
300 2790
212 31
241 71
141 11
80 61
300 5550
300 2410
195 91
300 9180
23 21
263 7058
199 4040
92 41
142 71
273 51
227 51
66 11
30 21
300 3830
300 6790
300 2800
160 71
191 91
300 1330
277 7829
265 61
93 81
279 21
297 51
172 51
232 91
55 81
119 91
75 61
66 1
226 71
300 1630
146 1
208 91
254 1
59 1
246 11
185 31
28 1
112 1
300 1670
288 51
300 5480
73 41
267 1
255 11
269 81
253 41
246 51
92 71
135 41
87 61
38 1
285 8288
259 91
87 21
281 8057
88 790
290 81
132 61
300 2280
288 91
33 61
161 1
167 61
300 1430
93 31
127 1
13 11
300 5370
234 5587
138 91
40 61
300 6020
300 3920
199 71
300 4930
214 61
243 91
189 11
192 91
258 21
278 91
37 1
45 51
164 41
185 1
123 61
92 1
300 3860
300 330
117 11
300 4690
222 91
152 31
196 71
237 71
38 51
32 1
108 21
119 31
146 21
84 51
82 61
82 81
110 1
300 4290
224 31
228 5304
130 71
34 31
60 41
255 41
167 31
120 41
220 11
98 980
300 3710
80 41
22 1
31 41
287 41
300 2930
97 41
206 81
231 71
300 5670
211 51
145 61
101 1
62 91
300 8650
222 61
300 4370
155 41
37 11
246 6175
56 41
200 21
265 81
300 5950
31 61
133 61
243 71
265 91
35 51
257 51
247 21
250 11
110 51
300 7810
196 91
183 41
74 11
111 1
295 31
300 6970
156 91
284 61
80 51
119 71
132 1777
184 61
38 31
130 91
300 7540
27 21
300 6570
124 1
117 31
74 91
154 81
183 61
205 41
292 1
83 61
256 41
134 21
158 71
291 61
272 21
139 71
299 71
300 7500
112 21
223 11
132 71
232 31
300 3600
179 31
72 31
46 91
115 21
230 31
263 81
73 31
76 21
176 51
151 21
300 6560
197 31
300 3410
79 81
228 11
298 31
104 11
300 3160
254 11
205 81
81 11
216 1
258 41
300 9150
108 61
294 21
131 61
51 31
224 41
215 91
250 21
300 2650
300 2850
135 81
230 71
90 826
37 71
300 8420
218 1
300 120
300 3490
153 1
160 11
300 1400
144 31
300 230
109 91
300 4050
300 3090
231 5445
300 6190
101 31
101 11
261 71
173 61
247 61
265 1
300 2260
104 31
300 3640
93 91
46 1
100 61
156 31
159 71
141 51
300 500
35 31
253 51
52 11
251 11
216 81
105 71
157 81
217 91
294 11
118 91
77 11
286 21
109 1
142 81
31 71
294 61
300 8930
117 91
269 31
300 6520
300 5000
295 21
183 21
120 1
149 81
281 21
21 31
300 5730
156 81
152 61
238 1
300 2120
263 51
300 6730
300 6370
300 2010
300 2110
211 41
300 8180
228 31
278 51
300 6900
300 730
300 5590
226 61
55 11
252 71
283 41
300 3190
71 11
191 3722
225 71
19 11
266 71
196 21
300 5800
268 7328
30 91
99 21
113 41
160 2612
49 11
252 31
300 4600
125 31
71 21
69 31
300 940
293 8760
289 61
16 21
153 91
202 4163
287 21
74 558
58 71
146 2175
300 740
269 21
276 21
300 5710
271 81
247 41
190 91
137 61
105 81
111 61
300 8060
101 61
196 51
190 3683
70 21
275 91
115 51
242 21
136 1
283 81
209 31
300 3440
245 31
240 61
107 51
101 1040
266 51
206 1
138 81
134 31
128 81
192 81
300 1020
96 11
165 11
300 2720
97 71
300 7590
82 41
257 1
125 11
167 2845
254 51
267 71
280 8000
176 61
183 71
216 61
239 71
300 4420
300 1890
210 11
300 420
242 81
106 81
244 31
103 91
69 21
300 8910
65 41
283 8172
171 1
194 41
45 1
206 51
131 91
300 2480
300 5180
216 21
199 61
167 81
300 1290
179 41
300 5720
122 91
127 61
79 41
31 81
72 11
206 4330
204 1
293 11
240 91
234 1
77 31
203 4205
169 2914
300 1550
161 31
91 845
264 51
291 81
34 71
132 21
300 8280
106 41
277 11
84 71
167 11
245 91
60 91
21 21
181 3342
248 61
73 1
300 3980
297 71
300 6340
271 31
300 7870
300 6540
108 31
300 8970
253 21
140 11
300 1200
300 7990
36 1
105 1
286 31
257 61
67 51
300 3610
300 6320
300 5510
107 1
237 91
240 31
300 8080
299 51
300 8560
300 450
109 71
84 41
186 21
41 91
243 81
285 11
300 5260
55 308
30 1
300 1100
300 6010
115 91
300 280
15 21
299 21
300 5700
45 61
187 51
93 51
114 81
127 91
148 11
284 91
300 970
33 21
256 31
123 91
226 41
223 71
50 255
300 7260
135 11
300 5880
300 6990
135 71
300 1080
161 41
189 51
75 41
60 81
218 11
241 81
273 81
300 8460
299 9122
54 297
300 1120
300 6400
165 31
126 1
52 21
60 51
251 21
178 31
62 61
26 21
300 7270
115 41
163 2711
300 3230
269 1
64 31
251 91
115 1349
300 2020
106 1
281 1
300 6480
42 71
300 1880
300 6250
251 6428
272 81
58 51
132 81
300 8500
29 11
116 41
48 31
119 1
287 8405
147 71
265 21
148 91
71 41
64 41
300 900
76 589
40 21
300 5120
16 11
88 91
167 41
300 7690
271 91
288 71
73 51
256 91
164 51
59 11
300 6460
300 8850
36 61
243 31
124 1568
211 81
46 81
241 5926
300 3310
300 520
105 31
191 41
300 1230
300 2430
70 91
139 41
48 21
274 71
291 31
127 11
244 6075
98 51
11 11
174 41
122 21
287 51
192 11
111 71
139 1971
41 21
300 4710
300 2420
172 61
198 11
294 1
55 91
28 21
39 31
38 71
300 4880
144 2115
292 31
300 6490
39 11
158 2547
300 470
67 41
82 71
275 61
44 91
300 8520
195 41
300 81
284 31
100 21
137 1
300 6210
135 21
114 41
23 51
95 920
182 81
74 21
300 7190
74 61
168 71
300 6270
281 31
231 41
300 6890
193 31
290 8581
246 1
238 91
229 41
54 41
141 2028
122 41
58 81
176 31
214 21
300 4640
282 91
111 81
300 6310
158 21
300 2810
79 91
300 9100
261 61
189 3645
255 71
300 5830
172 1
233 71
300 460
157 2515
268 81
266 11
296 81
208 61
300 5060
300 4460
300 3300
233 51
50 71
300 4890
232 1
87 41
142 61
253 61
281 91
178 61
116 31
286 8346
125 61
72 81
113 1
300 8540
241 91
300 8430
172 71
300 8160
68 91
300 7790
76 51
252 81
21 11
300 2770
77 21
293 61
290 91
233 61
300 790
142 21
237 61
161 71
141 71
273 91
218 61
275 51
172 3018
224 71
300 4040
300 1
198 81
98 31
177 1
264 81
231 51
47 41
44 31
128 1671
35 21
121 61
67 31
196 11
119 51
57 51
190 21
288 61
70 41
187 21
215 81
293 21
272 61
34 1
217 71
170 91
32 91
300 1860
177 21
300 1090
95 21
300 9110
88 1
35 91
83 51
171 31
221 51
144 71
64 91
300 5210
244 91
297 11
300 290
178 71
188 91
104 91
276 71
279 1
169 1
300 7550
55 61
170 11
234 81
192 41
20 1
300 4680
288 81
300 3350
128 1
300 6810
242 31
291 8640
101 91
300 190
300 7150
189 61
180 21
162 91
300 9040
287 1
204 61
57 61
205 31
72 51
300 4010
300 5850
300 1210
37 41
153 51
227 31
247 6225
300 2340
14 11
40 51
239 41
267 91
239 21
300 3840
177 41
166 11
98 71
121 41
129 21
300 7510
215 21
300 8530
168 41
133 1805
93 61
169 31
300 1160
50 1
71 91
251 61
242 11
259 41
116 11
300 2690
300 4500
300 1220
300 9140
128 91
166 41
63 31
295 61
199 91
300 9183
101 51
252 1
154 51
147 51
156 21
298 1
300 9020
40 71
300 6040
277 81
300 110
241 21
154 2420
300 7100
209 4457
300 3040
300 4220
273 11
275 1
116 1
300 3220
263 41
300 8100
300 3200
148 51
231 81
131 31
286 61
76 91
147 61
280 41
141 41
59 21
191 81
265 71
224 1
263 31
300 2550
173 1
189 91
300 6410
106 31
300 4960
272 71
109 1212
36 21
222 71
300 8770
121 31
300 4980
68 1
300 6090
207 1
33 81
225 1
296 1
179 81
58 61
52 71
300 8860
259 1
65 31
269 51
53 61
239 5828
266 7220
54 91
117 61
300 5650
185 91
236 5683
300 7800
176 91
48 1
183 91
69 41
79 71
300 860
105 11
189 1
300 7560
300 2380
202 1
43 51
85 737
300 8490
300 1520
163 41
300 7660
205 91
300 2030
61 61
184 21
300 1790
249 6326
281 11
75 91
239 91
76 11
122 61
292 41
77 91
300 6880
300 7110
221 1
93 1
168 91
300 7440
134 1832
200 71
173 41
233 31
300 6300
300 5640
300 6140
65 51
49 245
139 11
300 4760
174 11
182 61
177 51
239 31
100 31
300 3060
300 3660
182 51
208 21
104 71
300 1060
179 71
300 1490
199 31
159 91
63 71
250 71
300 4270
197 51
